
=== ising_N12_T4.0_chi8: 189 cuts, 189 with GN gain > 0.001 f_svd
  stats {'gn_gain_med': 0.8467, 'a1p_gain_med': 0.7248, 'a1p_span_med': 0.36, 'kron_fid_tangent_med': 0.703, 'kron_fid_M_med': 0.5083, 'kron_relerr_tangent_med': 0.5449, 'kron_relerr_tangent_sh_med': 0.8663, 'kron_relerr_M_sh_med': 0.7164, 'kron_relerr_M_vlp_med': 0.7012, 'J_rank_over_nx_med': 1.0, 'nres_over_nx_med': 3.2344, 'nx_med': 128.0}
  VERDICT AMBIGUOUS: rho3 0.508 (delta 0.0001), rho5 0.584 (mu 10000), span<=0.6 frac 0.44
  bulk n=189 valid=189 verdict AMBIGUOUS rho3 0.508 rho5 0.584
  arm                  med rho   [q25,q75]       pooled  vsA1p  span2(med) frac<=.6  disc(med)
  A1p                   0.859 [  0.817,  0.887]    0.895   1.00      0.36     0.91      1.49
  A1r                   0.859 [  0.817,  0.887]    0.895   1.00      0.36     0.91      1.49
  A2                    1.000 [  1.000,  1.000]    1.000   1.16      0.26     0.99      5.07
  A2d_1e-06             1.004 [  1.000,  1.007]    1.010   1.17      0.26     0.98      3.97
  A2d_0.0001            0.927 [  0.893,  0.973]    0.992   1.08      0.30     0.95      2.09
  A2d_0.001             0.770 [  0.680,  0.834]    0.852   0.90      0.44     0.87      1.49
  A2d_0.01              0.472 [  0.372,  0.575]    0.579   0.55      0.68     0.23      1.14
  A2d_0.1               0.187 [  0.139,  0.241]    0.255   0.22      0.90     0.00      1.02
  A3_1e-06              0.216 [ -0.385,  0.485]   -0.196   0.26      0.69     0.40      3.44
  A3_0.0001             0.508 [  0.401,  0.611]    0.313   0.61      0.57     0.58      1.61
  A3_0.001              0.501 [  0.395,  0.575]    0.499   0.58      0.64     0.35      1.17
  A3_0.01               0.313 [  0.255,  0.396]    0.373   0.36      0.79     0.05      1.10
  A3_0.1                0.174 [  0.125,  0.246]    0.238   0.21      0.92     0.00      1.03
  A4_1e-06           -165.327 [-4321.545,  0.639] -6115.535 -197.20     13.20     0.39     89.74
  A4_0.0001          -125.154 [-2054.665,  0.607] -4228.158 -146.13     11.98     0.36     57.95
  A4_0.001            -31.109 [-156.754,  0.551] -399.039 -36.05      5.97     0.28     13.78
  A4_0.01              -1.104 [ -6.252,  0.342]  -11.822  -1.44      1.65     0.02      1.66
  A4_0.1                0.104 [  0.016,  0.165]    0.040   0.13      0.96     0.00      1.04
  A5_0                 -0.000 [ -0.000,  0.000]   -0.000  -0.00      1.00     0.00      1.00  | best-alpha rho -0.000 span 1.00
  A5_0.1                0.089 [  0.070,  0.112]    0.076   0.10      0.95     0.00      1.00  | best-alpha rho 0.089 span 0.95
  A5_1                  0.361 [  0.291,  0.429]    0.320   0.42      0.79     0.10      1.05  | best-alpha rho 0.361 span 0.79
  A5_10                 0.549 [  0.461,  0.638]    0.499   0.66      0.65     0.38      1.22  | best-alpha rho 0.549 span 0.65
  A5_100                0.581 [  0.494,  0.678]    0.530   0.70      0.63     0.42      1.29  | best-alpha rho 0.581 span 0.63
  A5_1000               0.584 [  0.496,  0.683]    0.533   0.71      0.63     0.44      1.30  | best-alpha rho 0.584 span 0.63
  A5_10000              0.584 [  0.496,  0.684]    0.534   0.71      0.63     0.44      1.30  | best-alpha rho 0.584 span 0.63
  A5_100000             0.584 [  0.496,  0.684]    0.534   0.71      0.63     0.44      1.30  | best-alpha rho 0.584 span 0.63
  A5_1e+06              0.584 [  0.496,  0.684]    0.534   0.71      0.63     0.44      1.30  | best-alpha rho 0.584 span 0.63
  A5o_0.1               0.090 [  0.069,  0.116]    0.076   0.11      0.95     0.00      1.00  | best-alpha rho 0.090 span 0.95
  A5o_1                 0.365 [  0.286,  0.429]    0.310   0.42      0.79     0.07      1.06  | best-alpha rho 0.365 span 0.79
  A5o_10                0.543 [  0.436,  0.618]    0.467   0.64      0.67     0.33      1.25  | best-alpha rho 0.543 span 0.67
  A5o_100               0.572 [  0.462,  0.647]    0.493   0.67      0.65     0.35      1.33  | best-alpha rho 0.572 span 0.65
  A5o_1000              0.574 [  0.464,  0.651]    0.496   0.68      0.65     0.35      1.34  | best-alpha rho 0.574 span 0.65
  A5o_10000             0.575 [  0.465,  0.651]    0.496   0.68      0.65     0.35      1.34  | best-alpha rho 0.575 span 0.65
  A5o_100000            0.575 [  0.465,  0.651]    0.496   0.68      0.65     0.35      1.34  | best-alpha rho 0.575 span 0.65
  A5o_1e+06             0.575 [  0.465,  0.651]    0.496   0.68      0.65     0.35      1.34  | best-alpha rho 0.575 span 0.65
  A5s0_10               0.522 [  0.448,  0.613]    0.480   0.63      0.64     0.43      1.21  | best-alpha rho 0.522 span 0.64
  A5s0_100              0.553 [  0.479,  0.652]    0.513   0.67      0.61     0.48      1.30  | best-alpha rho 0.553 span 0.61
  A5s0_10000            0.557 [  0.483,  0.655]    0.517   0.67      0.60     0.49      1.31  | best-alpha rho 0.557 span 0.60
  A5m_10                0.549 [  0.461,  0.638]    0.499   0.66      0.65     0.38      1.22  | best-alpha rho 0.549 span 0.65
  A5m_100               0.581 [  0.494,  0.678]    0.530   0.70      0.63     0.42      1.29  | best-alpha rho 0.581 span 0.63
  A5m_10000             0.584 [  0.496,  0.684]    0.534   0.71      0.63     0.44      1.30  | best-alpha rho 0.584 span 0.63
  A5sm_10               0.522 [  0.448,  0.613]    0.480   0.63      0.64     0.43      1.21  | best-alpha rho 0.522 span 0.64
  A5sm_100              0.553 [  0.479,  0.652]    0.513   0.67      0.61     0.48      1.30  | best-alpha rho 0.553 span 0.61
  A5sm_10000            0.557 [  0.483,  0.655]    0.517   0.67      0.60     0.49      1.31  | best-alpha rho 0.557 span 0.60
  A63_0.0001_1          0.625 [  0.565,  0.677]    0.659   0.72      0.53     0.80      1.37
  A63_0.0001_2          0.784 [  0.748,  0.817]    0.818   0.92      0.40     0.93      1.58
  A63_0.001_1           0.521 [  0.424,  0.596]    0.565   0.60      0.63     0.41      1.22
  A63_0.001_2           0.704 [  0.630,  0.762]    0.749   0.82      0.45     0.88      1.39
  A63_0.01_1            0.324 [  0.267,  0.416]    0.388   0.38      0.78     0.05      1.10
  A63_0.01_2            0.528 [  0.438,  0.615]    0.598   0.61      0.57     0.58      1.26
  A64_0.0001_1          0.089 [  0.027,  0.649]    0.313   0.11      0.97     0.39      1.07
  A64_0.0001_2          0.194 [  0.060,  0.813]    0.406   0.22      0.92     0.47      1.15
  A64_0.001_1           0.118 [  0.040,  0.569]    0.292   0.14      0.96     0.30      1.06
  A64_0.001_2           0.226 [  0.079,  0.743]    0.402   0.28      0.87     0.46      1.19
  A64_0.01_1            0.162 [  0.055,  0.359]    0.232   0.18      0.95     0.04      1.04
  A64_0.01_2            0.349 [  0.109,  0.578]    0.372   0.40      0.81     0.33      1.13

=== ising_N16_T5.0_chi12: 230 cuts, 230 with GN gain > 0.001 f_svd
  stats {'gn_gain_med': 0.5955, 'a1p_gain_med': 0.788, 'a1p_span_med': 0.2977, 'kron_fid_tangent_med': 0.5868, 'kron_fid_M_med': 0.368, 'kron_relerr_tangent_med': 0.6428, 'kron_relerr_tangent_sh_med': 0.8605, 'kron_relerr_M_sh_med': 0.81, 'kron_relerr_M_vlp_med': 0.795, 'J_rank_over_nx_med': 1.0, 'nres_over_nx_med': 1.4375, 'nx_med': 288.0}
  VERDICT AMBIGUOUS: rho3 0.417 (delta 0.001), rho5 0.938 (mu 100), span<=0.6 frac 0.33
  bulk n=230 valid=230 verdict AMBIGUOUS rho3 0.417 rho5 0.938
  arm                  med rho   [q25,q75]       pooled  vsA1p  span2(med) frac<=.6  disc(med)
  A1p                   1.356 [  1.104,  1.675]    1.411   1.00      0.30     0.74      1.31
  A1r                   1.356 [  1.104,  1.675]    1.411   1.00      0.30     0.74      1.31
  A2                    1.000 [  1.000,  1.000]    1.000   0.74      0.67     0.33      7.22
  A2d_1e-06             1.575 [  1.281,  2.086]    1.486   1.16      0.25     0.93      4.39
  A2d_0.0001            1.512 [  1.218,  1.888]    1.582   1.11      0.25     0.83      2.11
  A2d_0.001             1.286 [  1.006,  1.537]    1.445   0.92      0.41     0.72      1.47
  A2d_0.01              0.826 [  0.546,  1.028]    1.048   0.56      0.65     0.34      1.15
  A2d_0.1               0.304 [  0.204,  0.440]    0.467   0.22      0.89     0.00      1.01
  A3_1e-06            -14.533 [-29.958, -2.406]  -29.324  -9.86      2.79     0.14      9.63
  A3_0.0001            -1.427 [ -7.139,  0.471]  -15.297  -0.82      1.32     0.13      2.10
  A3_0.001              0.417 [ -0.300,  0.567]   -2.916   0.32      0.85     0.15      1.23
  A3_0.01               0.354 [  0.265,  0.492]    0.252   0.29      0.85     0.05      1.07
  A3_0.1                0.253 [  0.168,  0.344]    0.344   0.17      0.92     0.01      1.02
  A4_1e-06             -0.080 [-26423.124,  0.995] -27450.346  -0.09      1.15     0.37      1.93
  A4_0.0001            -0.074 [-22030.450,  0.949] -14722.238  -0.08      1.12     0.30      1.55
  A4_0.001             -0.036 [-2394.700,  0.826] -2243.116  -0.04      1.15     0.21      1.29
  A4_0.01               0.021 [-60.835,  0.584]  -63.749   0.03      1.12     0.04      1.12
  A4_0.1                0.098 [ -0.910,  0.282]   -1.087   0.10      1.01     0.00      1.02
  A5_0                  0.000 [ -0.000,  0.000]    0.000   0.00      1.00     0.00      1.00  | best-alpha rho 0.000 span 1.00
  A5_0.1                0.160 [  0.108,  0.216]    0.126   0.12      0.96     0.00      1.00  | best-alpha rho 0.160 span 0.96
  A5_1                  0.610 [  0.442,  0.779]    0.527   0.47      0.82     0.00      1.04  | best-alpha rho 0.610 span 0.82
  A5_10                 0.905 [  0.659,  1.177]    0.825   0.67      0.69     0.29      1.19  | best-alpha rho 0.905 span 0.69
  A5_100                0.938 [  0.694,  1.248]    0.880   0.71      0.67     0.33      1.27  | best-alpha rho 0.938 span 0.67
  A5_1000               0.935 [  0.697,  1.252]    0.886   0.71      0.66     0.33      1.28  | best-alpha rho 0.935 span 0.66
  A5_10000              0.935 [  0.697,  1.252]    0.887   0.71      0.66     0.33      1.28  | best-alpha rho 0.935 span 0.66
  A5_100000             0.935 [  0.697,  1.252]    0.887   0.71      0.66     0.33      1.28  | best-alpha rho 0.935 span 0.66
  A5_1e+06              0.935 [  0.697,  1.252]    0.887   0.71      0.66     0.33      1.28  | best-alpha rho 0.935 span 0.66
  A5o_0.1               0.163 [  0.109,  0.226]    0.124   0.13      0.96     0.00      1.00  | best-alpha rho 0.163 span 0.96
  A5o_1                 0.582 [  0.411,  0.772]    0.489   0.46      0.84     0.00      1.05  | best-alpha rho 0.582 span 0.84
  A5o_10                0.808 [  0.599,  1.111]    0.762   0.63      0.74     0.23      1.22  | best-alpha rho 0.808 span 0.74
  A5o_100               0.820 [  0.608,  1.164]    0.817   0.65      0.71     0.30      1.31  | best-alpha rho 0.820 span 0.72
  A5o_1000              0.816 [  0.605,  1.169]    0.823   0.65      0.71     0.30      1.33  | best-alpha rho 0.816 span 0.71
  A5o_10000             0.816 [  0.605,  1.170]    0.823   0.65      0.71     0.31      1.33  | best-alpha rho 0.816 span 0.71
  A5o_100000            0.816 [  0.605,  1.170]    0.823   0.65      0.71     0.31      1.33  | best-alpha rho 0.816 span 0.71
  A5o_1e+06             0.816 [  0.605,  1.170]    0.823   0.65      0.71     0.31      1.33  | best-alpha rho 0.816 span 0.71
  A5s0_10               0.851 [  0.621,  1.126]    0.802   0.63      0.68     0.30      1.20  | best-alpha rho 0.851 span 0.68
  A5s0_100              0.905 [  0.657,  1.201]    0.861   0.66      0.66     0.37      1.28  | best-alpha rho 0.905 span 0.66
  A5s0_10000            0.912 [  0.662,  1.206]    0.868   0.67      0.65     0.39      1.29  | best-alpha rho 0.912 span 0.65
  A5m_10                0.905 [  0.659,  1.178]    0.825   0.67      0.69     0.29      1.19  | best-alpha rho 0.905 span 0.69
  A5m_100               0.938 [  0.694,  1.248]    0.881   0.71      0.67     0.33      1.27  | best-alpha rho 0.938 span 0.67
  A5m_10000             0.935 [  0.698,  1.252]    0.887   0.71      0.66     0.33      1.28  | best-alpha rho 0.935 span 0.66
  A5sm_10               0.851 [  0.621,  1.126]    0.802   0.63      0.68     0.30      1.20  | best-alpha rho 0.851 span 0.68
  A5sm_100              0.905 [  0.657,  1.201]    0.861   0.66      0.66     0.37      1.28  | best-alpha rho 0.905 span 0.66
  A5sm_10000            0.912 [  0.662,  1.206]    0.868   0.67      0.65     0.39      1.29  | best-alpha rho 0.912 span 0.65
  A63_0.0001_1          0.818 [  0.699,  1.029]    0.928   0.64      0.57     0.57      1.21
  A63_0.0001_2          1.128 [  0.886,  1.394]    1.231   0.86      0.41     0.69      1.37
  A63_0.001_1           0.621 [  0.541,  0.792]    0.718   0.49      0.71     0.23      1.12
  A63_0.001_2           0.999 [  0.789,  1.187]    1.108   0.76      0.48     0.67      1.24
  A63_0.01_1            0.401 [  0.311,  0.553]    0.501   0.33      0.85     0.07      1.06
  A63_0.01_2            0.761 [  0.579,  0.934]    0.897   0.57      0.61     0.49      1.16
  A64_0.0001_1          0.151 [  0.059,  1.014]    0.480   0.16      0.96     0.30      1.03
  A64_0.0001_2          0.254 [  0.131,  1.307]    0.624   0.27      0.94     0.34      1.10
  A64_0.001_1           0.163 [  0.077,  0.865]    0.455   0.16      0.97     0.25      1.02
  A64_0.001_2           0.306 [  0.182,  1.178]    0.638   0.28      0.92     0.33      1.09
  A64_0.01_1            0.188 [  0.097,  0.595]    0.384   0.18      0.96     0.07      1.02
  A64_0.01_2            0.377 [  0.223,  0.939]    0.627   0.32      0.88     0.31      1.08

=== POOLED: 419 cuts, 419 with GN gain > 0.001 f_svd
  stats {'gn_gain_med': 0.7614, 'a1p_gain_med': 0.7361, 'a1p_span_med': 0.3455, 'kron_fid_tangent_med': 0.6581, 'kron_fid_M_med': 0.4336, 'kron_relerr_tangent_med': 0.5848, 'kron_relerr_tangent_sh_med': 0.8609, 'kron_relerr_M_sh_med': 0.7682, 'kron_relerr_M_vlp_med': 0.7526, 'J_rank_over_nx_med': 1.0, 'nres_over_nx_med': 3.2344, 'nx_med': 128.0}
  VERDICT AMBIGUOUS: rho3 0.464 (delta 0.001), rho5 0.712 (mu 10000), span<=0.6 frac 0.38
  bulk n=419 valid=419 verdict AMBIGUOUS rho3 0.464 rho5 0.712
  arm                  med rho   [q25,q75]       pooled  vsA1p  span2(med) frac<=.6  disc(med)
  A1p                   0.905 [  0.842,  1.409]    1.060   1.00      0.35     0.82      1.39
  A1r                   0.905 [  0.842,  1.409]    1.060   1.00      0.35     0.82      1.39
  A2                    1.000 [  1.000,  1.000]    1.000   1.11      0.37     0.63      5.51
  A2d_1e-06             1.009 [  1.002,  1.624]    1.162   1.17      0.25     0.95      3.99
  A2d_0.0001            0.990 [  0.910,  1.569]    1.181   1.10      0.30     0.88      2.09
  A2d_0.001             0.886 [  0.727,  1.329]    1.042   0.91      0.42     0.79      1.49
  A2d_0.01              0.582 [  0.424,  0.865]    0.729   0.56      0.67     0.29      1.14
  A2d_0.1               0.243 [  0.154,  0.349]    0.323   0.22      0.89     0.00      1.02
  A3_1e-06             -0.695 [-17.283,  0.457]   -9.520  -0.77      1.08     0.26      4.04
  A3_0.0001             0.390 [ -2.180,  0.571]   -4.684   0.45      0.72     0.33      1.68
  A3_0.001              0.464 [  0.309,  0.570]   -0.595   0.47      0.70     0.24      1.19
  A3_0.01               0.328 [  0.257,  0.442]    0.334   0.33      0.82     0.05      1.08
  A3_0.1                0.212 [  0.138,  0.290]    0.272   0.18      0.92     0.01      1.02
  A4_1e-06             -0.116 [-8088.143,  0.701] -12944.848  -0.15      1.21     0.38      2.03
  A4_0.0001            -0.114 [-5466.473,  0.696] -7587.332  -0.15      1.22     0.32      1.70
  A4_0.001             -0.088 [-376.816,  0.641] -989.331  -0.10      1.21     0.24      1.44
  A4_0.01              -0.014 [-12.915,  0.449]  -28.444  -0.02      1.14     0.03      1.16
  A4_0.1                0.101 [ -0.021,  0.216]   -0.320   0.10      0.99     0.00      1.03
  A5_0                  0.000 [ -0.000,  0.000]   -0.000   0.00      1.00     0.00      1.00  | best-alpha rho 0.000 span 1.00
  A5_0.1                0.115 [  0.082,  0.174]    0.092   0.11      0.96     0.00      1.00  | best-alpha rho 0.115 span 0.96
  A5_1                  0.452 [  0.343,  0.640]    0.386   0.45      0.81     0.04      1.05  | best-alpha rho 0.452 span 0.81
  A5_10                 0.667 [  0.526,  0.937]    0.603   0.67      0.67     0.33      1.20  | best-alpha rho 0.667 span 0.67
  A5_100                0.706 [  0.553,  0.982]    0.642   0.71      0.65     0.37      1.28  | best-alpha rho 0.706 span 0.65
  A5_1000               0.712 [  0.555,  0.987]    0.646   0.71      0.64     0.38      1.29  | best-alpha rho 0.712 span 0.64
  A5_10000              0.712 [  0.555,  0.988]    0.647   0.71      0.64     0.38      1.29  | best-alpha rho 0.712 span 0.64
  A5_100000             0.713 [  0.555,  0.988]    0.647   0.71      0.64     0.38      1.29  | best-alpha rho 0.713 span 0.64
  A5_1e+06              0.713 [  0.555,  0.988]    0.647   0.71      0.64     0.38      1.29  | best-alpha rho 0.713 span 0.64
  A5o_0.1               0.116 [  0.081,  0.181]    0.092   0.12      0.96     0.00      1.00  | best-alpha rho 0.116 span 0.96
  A5o_1                 0.432 [  0.326,  0.626]    0.368   0.45      0.82     0.03      1.06  | best-alpha rho 0.432 span 0.82
  A5o_10                0.621 [  0.491,  0.846]    0.562   0.63      0.71     0.28      1.23  | best-alpha rho 0.621 span 0.71
  A5o_100               0.645 [  0.520,  0.896]    0.597   0.66      0.69     0.32      1.32  | best-alpha rho 0.646 span 0.69
  A5o_1000              0.648 [  0.524,  0.905]    0.600   0.67      0.69     0.33      1.34  | best-alpha rho 0.650 span 0.69
  A5o_10000             0.648 [  0.524,  0.906]    0.601   0.67      0.69     0.33      1.34  | best-alpha rho 0.651 span 0.69
  A5o_100000            0.648 [  0.524,  0.906]    0.601   0.67      0.69     0.33      1.34  | best-alpha rho 0.651 span 0.69
  A5o_1e+06             0.648 [  0.524,  0.906]    0.601   0.67      0.69     0.33      1.34  | best-alpha rho 0.651 span 0.69
  A5s0_10               0.632 [  0.498,  0.904]    0.583   0.63      0.66     0.36      1.20  | best-alpha rho 0.632 span 0.66
  A5s0_100              0.669 [  0.528,  0.950]    0.624   0.67      0.63     0.42      1.29  | best-alpha rho 0.669 span 0.63
  A5s0_10000            0.675 [  0.533,  0.957]    0.629   0.67      0.62     0.43      1.30  | best-alpha rho 0.675 span 0.62
  A5m_10                0.668 [  0.526,  0.937]    0.603   0.67      0.67     0.33      1.20  | best-alpha rho 0.668 span 0.67
  A5m_100               0.707 [  0.553,  0.982]    0.642   0.71      0.65     0.37      1.28  | best-alpha rho 0.707 span 0.65
  A5m_10000             0.713 [  0.555,  0.988]    0.647   0.71      0.64     0.38      1.29  | best-alpha rho 0.713 span 0.64
  A5sm_10               0.632 [  0.498,  0.904]    0.583   0.63      0.66     0.36      1.20  | best-alpha rho 0.632 span 0.66
  A5sm_100              0.669 [  0.528,  0.950]    0.625   0.67      0.63     0.42      1.29  | best-alpha rho 0.669 span 0.63
  A5sm_10000            0.675 [  0.533,  0.957]    0.629   0.67      0.62     0.43      1.30  | best-alpha rho 0.675 span 0.62
  A63_0.0001_1          0.691 [  0.609,  0.834]    0.745   0.70      0.54     0.67      1.29
  A63_0.0001_2          0.848 [  0.780,  1.149]    0.951   0.89      0.40     0.80      1.49
  A63_0.001_1           0.569 [  0.486,  0.671]    0.614   0.54      0.66     0.31      1.17
  A63_0.001_2           0.774 [  0.683,  1.026]    0.864   0.79      0.46     0.76      1.32
  A63_0.01_1            0.366 [  0.285,  0.478]    0.424   0.35      0.81     0.06      1.08
  A63_0.01_2            0.615 [  0.486,  0.793]    0.694   0.59      0.59     0.53      1.22
  A64_0.0001_1          0.147 [  0.046,  0.744]    0.366   0.15      0.97     0.34      1.04
  A64_0.0001_2          0.244 [  0.109,  0.873]    0.476   0.26      0.93     0.40      1.12
  A64_0.001_1           0.153 [  0.054,  0.675]    0.344   0.16      0.96     0.27      1.03
  A64_0.001_2           0.301 [  0.123,  0.830]    0.477   0.28      0.89     0.38      1.13
  A64_0.01_1            0.187 [  0.069,  0.469]    0.281   0.18      0.95     0.05      1.03
  A64_0.01_2            0.373 [  0.167,  0.694]    0.454   0.34      0.83     0.32      1.11
crossval {'ising_N12_T4.0_chi8->ising_N16_T5.0_chi12': {'delta3': 0.0001, 'rho3_test': -1.427190098505741, 'mu5': 10000.0, 'rho5_test': 0.9351698067430935}, 'ising_N16_T5.0_chi12->ising_N12_T4.0_chi8': {'delta3': 0.001, 'rho3_test': 0.5011243576562637, 'mu5': 100.0, 'rho5_test': 0.58119363912523}}
oracle_mu_A5 0.7124704958926418
oracle_mu_A5o 0.653006451370522
