   t | leak svd   leak spcf | 1site err X,Y,Z  svd | 1site err X,Y,Z  spcf | viol(XX-YY, XY+YX) spcf | fired
 0.10 |  1.9e-29   1.9e-29 |  1.1e-15  6.5e-16  2.1e-16 |  1.1e-15  6.5e-16  2.1e-16 |  6.4e-16  7.3e-16 | 0
 0.20 |  3.0e-29   3.0e-29 |  1.1e-15  8.0e-16  2.8e-15 |  1.1e-15  8.0e-16  2.8e-15 |  1.3e-15  2.0e-15 | 0
 0.30 |  1.5e-28   1.5e-28 |  1.3e-15  9.9e-16  3.5e-12 |  1.3e-15  9.9e-16  3.5e-12 |  3.9e-15  2.7e-15 | 0
 0.40 |  3.4e-28   3.4e-28 |  1.1e-15  1.0e-15  2.6e-10 |  1.1e-15  1.0e-15  2.6e-10 |  3.3e-15  4.9e-15 | 0
 0.50 |  6.1e-28   6.1e-28 |  1.0e-15  1.3e-15  2.9e-08 |  1.0e-15  1.3e-15  2.9e-08 |  3.1e-15  5.8e-15 | 0
 0.60 |  1.0e-27   2.9e-22 |  8.1e-16  1.1e-15  6.6e-07 |  8.0e-15  6.0e-15  5.3e-06 |  6.7e-13  8.5e-13 | 7
 0.70 |  1.6e-27   3.4e-21 |  7.9e-16  1.3e-15  5.9e-06 |  1.2e-14  8.7e-15  5.3e-05 |  1.8e-12  2.6e-12 | 21
 0.80 |  3.5e-27   2.7e-20 |  1.1e-15  1.5e-15  2.5e-05 |  2.6e-14  1.4e-14  1.4e-04 |  5.5e-12  6.9e-12 | 35
 0.90 |  6.1e-26   1.6e-19 |  1.1e-15  1.2e-15  7.5e-05 |  6.0e-14  5.0e-14  5.1e-04 |  1.4e-11  2.2e-11 | 49
 1.00 |  2.6e-24   8.6e-19 |  2.5e-15  3.2e-15  4.3e-04 |  1.5e-13  3.1e-13  1.3e-03 |  3.3e-11  4.0e-11 | 63
