exact bond dims at t0: 189
spcf fired 16 of 30 cuts, mean discarded weight at fired cuts 2.66e-04
tprop |  1-site dev: svd  spcf  ratio | nn dev: svd  spcf  ratio | E dev: svd  spcf | infid svd spcf
 0.0  | 9.82e-04 8.96e-04   0.91 | 2.44e-03 9.11e-04   0.37 | -3.6e-02 -3.0e-02 | 5.0e-03 5.6e-03
 0.1  | 1.56e-03 9.80e-04   0.63 | 2.66e-03 9.54e-04   0.36 | -3.6e-02 -3.0e-02 | 5.0e-03 5.6e-03
 0.2  | 2.22e-03 1.05e-03   0.47 | 2.63e-03 9.66e-04   0.37 | -3.6e-02 -3.0e-02 | 5.0e-03 5.6e-03
 0.3  | 2.75e-03 1.09e-03   0.40 | 2.40e-03 9.43e-04   0.39 | -3.6e-02 -3.0e-02 | 5.0e-03 5.6e-03
 0.4  | 2.98e-03 1.08e-03   0.36 | 2.18e-03 9.03e-04   0.41 | -3.6e-02 -3.0e-02 | 5.0e-03 5.6e-03
 0.5  | 2.86e-03 1.02e-03   0.36 | 2.14e-03 8.69e-04   0.41 | -3.6e-02 -3.0e-02 | 5.0e-03 5.6e-03
 0.6  | 2.53e-03 9.59e-04   0.38 | 2.27e-03 8.55e-04   0.38 | -3.6e-02 -3.0e-02 | 5.0e-03 5.6e-03
 0.7  | 2.27e-03 9.25e-04   0.41 | 2.39e-03 8.55e-04   0.36 | -3.6e-02 -3.0e-02 | 5.0e-03 5.6e-03
 0.8  | 2.32e-03 9.43e-04   0.41 | 2.40e-03 8.51e-04   0.36 | -3.6e-02 -3.0e-02 | 5.0e-03 5.6e-03
 0.9  | 2.61e-03 1.00e-03   0.38 | 2.27e-03 8.34e-04   0.37 | -3.6e-02 -3.0e-02 | 5.0e-03 5.6e-03
 1.0  | 2.88e-03 1.07e-03   0.37 | 2.08e-03 8.11e-04   0.39 | -3.6e-02 -3.0e-02 | 5.0e-03 5.6e-03
 1.1  | 2.93e-03 1.11e-03   0.38 | 1.94e-03 8.11e-04   0.42 | -3.6e-02 -3.0e-02 | 5.0e-03 5.6e-03
 1.2  | 2.74e-03 1.11e-03   0.41 | 1.90e-03 8.46e-04   0.44 | -3.6e-02 -3.0e-02 | 5.0e-03 5.6e-03
 1.3  | 2.35e-03 1.07e-03   0.46 | 1.91e-03 9.00e-04   0.47 | -3.6e-02 -3.0e-02 | 5.0e-03 5.6e-03
 1.4  | 1.92e-03 1.04e-03   0.54 | 1.87e-03 9.44e-04   0.50 | -3.6e-02 -3.0e-02 | 5.0e-03 5.6e-03
 1.5  | 1.60e-03 1.02e-03   0.64 | 1.75e-03 9.61e-04   0.55 | -3.6e-02 -3.0e-02 | 5.0e-03 5.6e-03
 1.6  | 1.45e-03 1.04e-03   0.72 | 1.60e-03 9.62e-04   0.60 | -3.6e-02 -3.0e-02 | 5.0e-03 5.6e-03
 1.7  | 1.43e-03 1.08e-03   0.75 | 1.51e-03 9.77e-04   0.65 | -3.6e-02 -3.0e-02 | 5.0e-03 5.6e-03
 1.8  | 1.47e-03 1.11e-03   0.76 | 1.51e-03 1.02e-03   0.68 | -3.6e-02 -3.0e-02 | 5.0e-03 5.6e-03
 1.9  | 1.55e-03 1.13e-03   0.73 | 1.54e-03 1.08e-03   0.70 | -3.6e-02 -3.0e-02 | 5.0e-03 5.6e-03
 2.0  | 1.66e-03 1.12e-03   0.68 | 1.53e-03 1.14e-03   0.75 | -3.6e-02 -3.0e-02 | 5.0e-03 5.6e-03
