exact bond dims at t0: 229
spcf fired 14 of 30 cuts, mean discarded weight at fired cuts 1.09e-04
tprop |  1-site dev: svd  spcf  ratio | nn dev: svd  spcf  ratio | E dev: svd  spcf | infid svd spcf
 0.0  | 4.16e-05 3.62e-04   8.71 | 2.07e-04 6.39e-04   3.09 | -3.7e-03 -1.1e-02 | 2.6e-03 3.1e-03
 0.1  | 9.40e-05 3.05e-04   3.25 | 6.76e-04 9.23e-04   1.37 | -3.7e-03 -1.1e-02 | 2.6e-03 3.1e-03
 0.2  | 3.87e-04 4.69e-04   1.21 | 1.18e-03 1.24e-03   1.05 | -3.7e-03 -1.1e-02 | 2.6e-03 3.1e-03
 0.3  | 7.48e-04 5.33e-04   0.71 | 1.30e-03 1.31e-03   1.01 | -3.7e-03 -1.1e-02 | 2.6e-03 3.1e-03
 0.4  | 8.54e-04 5.51e-04   0.65 | 1.13e-03 1.15e-03   1.02 | -3.7e-03 -1.1e-02 | 2.6e-03 3.1e-03
 0.5  | 6.60e-04 6.15e-04   0.93 | 1.13e-03 1.09e-03   0.96 | -3.7e-03 -1.1e-02 | 2.6e-03 3.1e-03
 0.6  | 6.27e-04 7.31e-04   1.17 | 1.20e-03 1.19e-03   0.98 | -3.7e-03 -1.1e-02 | 2.6e-03 3.1e-03
 0.7  | 8.53e-04 7.90e-04   0.93 | 1.12e-03 1.22e-03   1.09 | -3.7e-03 -1.1e-02 | 2.6e-03 3.1e-03
 0.8  | 8.94e-04 7.20e-04   0.81 | 1.08e-03 1.23e-03   1.14 | -3.7e-03 -1.1e-02 | 2.6e-03 3.1e-03
 0.9  | 6.80e-04 5.81e-04   0.86 | 1.11e-03 1.25e-03   1.13 | -3.7e-03 -1.1e-02 | 2.6e-03 3.1e-03
 1.0  | 4.94e-04 6.26e-04   1.27 | 1.07e-03 1.20e-03   1.12 | -3.7e-03 -1.1e-02 | 2.6e-03 3.1e-03
 1.1  | 7.79e-04 8.97e-04   1.15 | 9.58e-04 1.15e-03   1.20 | -3.7e-03 -1.1e-02 | 2.6e-03 3.1e-03
 1.2  | 1.06e-03 1.10e-03   1.03 | 8.65e-04 1.14e-03   1.32 | -3.7e-03 -1.1e-02 | 2.6e-03 3.1e-03
 1.3  | 9.54e-04 1.00e-03   1.05 | 9.96e-04 1.20e-03   1.21 | -3.7e-03 -1.1e-02 | 2.6e-03 3.1e-03
 1.4  | 4.78e-04 6.30e-04   1.32 | 1.20e-03 1.32e-03   1.10 | -3.7e-03 -1.1e-02 | 2.6e-03 3.1e-03
 1.5  | 3.85e-04 5.12e-04   1.33 | 1.11e-03 1.27e-03   1.15 | -3.7e-03 -1.1e-02 | 2.6e-03 3.1e-03
 1.6  | 5.78e-04 6.63e-04   1.15 | 9.65e-04 1.19e-03   1.23 | -3.7e-03 -1.1e-02 | 2.6e-03 3.1e-03
 1.7  | 4.84e-04 5.67e-04   1.17 | 1.12e-03 1.31e-03   1.17 | -3.7e-03 -1.1e-02 | 2.6e-03 3.1e-03
 1.8  | 6.48e-04 5.20e-04   0.80 | 1.14e-03 1.34e-03   1.18 | -3.7e-03 -1.1e-02 | 2.6e-03 3.1e-03
 1.9  | 8.70e-04 6.89e-04   0.79 | 1.04e-03 1.32e-03   1.26 | -3.7e-03 -1.1e-02 | 2.6e-03 3.1e-03
 2.0  | 8.18e-04 8.86e-04   1.08 | 1.11e-03 1.36e-03   1.22 | -3.7e-03 -1.1e-02 | 2.6e-03 3.1e-03
