
### setting A

|dZ_mid| vs depth
| arm | 2 | 4 | 6 | 8 | 10 | 12 | 14 | 16 | 18 | 20 |
|---|---|---|---|---|---|---|---|---|---|---|
| svd6 | 7.8e-16 | 5.0e-04 | 1.3e-02 | 3.7e-02 | 8.6e-02 | 1.4e-01 | 1.5e-01 | 1.6e-01 | 1.9e-01 | 2.6e-01 |
| svd8 | 7.8e-16 | 4.8e-05 | 3.1e-03 | 1.8e-02 | 6.4e-02 | 1.1e-01 | 8.6e-02 | 9.4e-02 | 1.1e-01 | 1.3e-01 |
| svd12 | 7.8e-16 | 1.6e-07 | 2.6e-04 | 4.5e-03 | 1.5e-02 | 2.1e-02 | 2.6e-02 | 4.1e-02 | 2.0e-02 | 4.0e-02 |
| svd16 | 7.8e-16 | 4.1e-15 | 3.7e-06 | 4.8e-04 | 3.1e-03 | 6.4e-03 | 2.7e-02 | 4.4e-02 | 2.2e-02 | 3.0e-02 |
| svd24 | 7.8e-16 | 4.1e-15 | 4.8e-08 | 3.3e-05 | 1.1e-03 | 5.7e-03 | 1.2e-02 | 5.9e-03 | 8.4e-04 | 8.2e-03 |
| svd32 | 7.8e-16 | 4.1e-15 | 1.8e-09 | 4.7e-06 | 2.8e-04 | 2.4e-03 | 6.4e-03 | 2.9e-03 | 7.0e-03 | 1.4e-02 |
| svd48 | 7.8e-16 | 4.1e-15 | 1.9e-13 | 2.3e-08 | 8.1e-06 | 1.4e-04 | 1.8e-04 | 2.5e-03 | 1.1e-02 | 7.1e-03 |
| svd64 | 7.8e-16 | 4.1e-15 | 1.5e-14 | 2.3e-10 | 4.3e-07 | 4.6e-05 | 7.0e-04 | 2.3e-03 | 4.9e-03 | 3.4e-03 |
| spcf8 | 7.8e-16 | 4.8e-05 | 2.8e-03 | 2.2e-02 | 5.1e-02 | 4.5e-02 | 3.4e-02 | 5.6e-02 | 4.9e-02 | 7.8e-02 |
| spcf12 | 7.8e-16 | 1.6e-07 | 1.2e-04 | 1.5e-03 | 1.1e-02 | 9.3e-03 | 4.0e-03 | 1.4e-02 | 3.2e-03 | 1.5e-02 |
| spcf16 | 7.8e-16 | 4.1e-15 | 3.7e-06 | 4.5e-05 | 2.1e-03 | 6.8e-03 | 2.5e-02 | 2.9e-02 | 2.1e-03 | 1.3e-02 |
| spcf24 | 7.8e-16 | 4.1e-15 | 4.8e-08 | 3.3e-05 | 1.5e-03 | 4.6e-03 | 1.0e-02 | 4.4e-03 | 4.7e-04 | 1.3e-02 |

1-site rms vs depth
| arm | 2 | 4 | 6 | 8 | 10 | 12 | 14 | 16 | 18 | 20 |
|---|---|---|---|---|---|---|---|---|---|---|
| svd6 | 4.2e-16 | 2.1e-04 | 6.7e-03 | 2.0e-02 | 4.0e-02 | 7.1e-02 | 9.1e-02 | 1.1e-01 | 1.3e-01 | 1.5e-01 |
| svd8 | 4.2e-16 | 2.0e-05 | 1.8e-03 | 8.7e-03 | 3.1e-02 | 5.4e-02 | 6.3e-02 | 7.2e-02 | 9.1e-02 | 9.9e-02 |
| svd12 | 4.2e-16 | 7.1e-08 | 1.1e-04 | 2.1e-03 | 7.8e-03 | 2.1e-02 | 2.8e-02 | 4.1e-02 | 5.1e-02 | 5.7e-02 |
| svd16 | 4.2e-16 | 2.4e-15 | 3.5e-06 | 3.8e-04 | 4.0e-03 | 8.5e-03 | 1.9e-02 | 3.0e-02 | 3.5e-02 | 4.1e-02 |
| svd24 | 4.2e-16 | 2.4e-15 | 2.4e-08 | 2.2e-05 | 7.0e-04 | 4.3e-03 | 7.9e-03 | 1.1e-02 | 1.4e-02 | 1.9e-02 |
| svd32 | 4.2e-16 | 2.4e-15 | 9.6e-10 | 2.5e-06 | 1.6e-04 | 1.4e-03 | 4.3e-03 | 8.8e-03 | 1.0e-02 | 1.3e-02 |
| svd48 | 4.2e-16 | 2.4e-15 | 9.3e-14 | 1.2e-08 | 6.0e-06 | 1.8e-04 | 1.1e-03 | 2.9e-03 | 6.4e-03 | 6.7e-03 |
| svd64 | 4.2e-16 | 2.4e-15 | 6.0e-15 | 1.2e-10 | 2.6e-07 | 3.0e-05 | 3.9e-04 | 1.6e-03 | 2.6e-03 | 3.8e-03 |
| spcf8 | 4.2e-16 | 2.0e-05 | 1.5e-03 | 9.8e-03 | 2.5e-02 | 3.6e-02 | 4.4e-02 | 5.9e-02 | 7.1e-02 | 7.9e-02 |
| spcf12 | 4.2e-16 | 7.1e-08 | 1.0e-04 | 2.1e-03 | 7.0e-03 | 2.0e-02 | 2.6e-02 | 3.9e-02 | 4.6e-02 | 5.0e-02 |
| spcf16 | 4.2e-16 | 2.4e-15 | 3.5e-06 | 3.6e-04 | 3.3e-03 | 9.5e-03 | 1.9e-02 | 2.7e-02 | 3.2e-02 | 3.7e-02 |
| spcf24 | 4.2e-16 | 2.4e-15 | 2.4e-08 | 2.2e-05 | 8.1e-04 | 3.8e-03 | 7.4e-03 | 1.2e-02 | 1.6e-02 | 2.0e-02 |

eps_c (plain ZZ) vs depth
| arm | 2 | 4 | 6 | 8 | 10 | 12 | 14 | 16 | 18 | 20 |
|---|---|---|---|---|---|---|---|---|---|---|
| svd6 | 1.5e-15 | 2.5e-03 | 3.0e-02 | 7.8e-02 | 1.7e-01 | 2.8e-01 | 3.0e-01 | 3.2e-01 | 3.8e-01 | 4.1e-01 |
| svd8 | 1.5e-15 | 1.5e-04 | 5.3e-03 | 3.7e-02 | 1.3e-01 | 2.3e-01 | 2.0e-01 | 2.3e-01 | 2.7e-01 | 2.7e-01 |
| svd12 | 1.5e-15 | 5.9e-05 | 5.9e-04 | 1.1e-02 | 4.4e-02 | 7.8e-02 | 1.1e-01 | 1.6e-01 | 1.6e-01 | 1.9e-01 |
| svd16 | 1.5e-15 | 7.3e-15 | 5.3e-05 | 2.3e-03 | 1.6e-02 | 3.9e-02 | 8.5e-02 | 1.3e-01 | 1.2e-01 | 1.5e-01 |
| svd24 | 1.5e-15 | 7.3e-15 | 2.6e-05 | 1.7e-04 | 2.9e-03 | 1.5e-02 | 3.4e-02 | 5.1e-02 | 6.0e-02 | 7.8e-02 |
| svd32 | 1.5e-15 | 7.3e-15 | 5.3e-07 | 5.0e-05 | 1.2e-03 | 6.6e-03 | 2.3e-02 | 3.5e-02 | 4.1e-02 | 5.3e-02 |
| svd48 | 1.5e-15 | 7.3e-15 | 1.0e-08 | 6.4e-06 | 5.9e-05 | 1.2e-03 | 5.7e-03 | 1.4e-02 | 2.2e-02 | 2.6e-02 |
| svd64 | 1.5e-15 | 7.3e-15 | 1.9e-14 | 9.9e-08 | 1.6e-05 | 4.2e-04 | 1.9e-03 | 5.9e-03 | 1.1e-02 | 1.4e-02 |
| spcf8 | 1.5e-15 | 1.5e-04 | 6.4e-03 | 4.2e-02 | 1.1e-01 | 1.4e-01 | 1.5e-01 | 2.0e-01 | 2.0e-01 | 2.2e-01 |
| spcf12 | 1.5e-15 | 5.9e-05 | 4.5e-04 | 1.1e-02 | 4.2e-02 | 7.6e-02 | 1.1e-01 | 1.6e-01 | 1.5e-01 | 1.7e-01 |
| spcf16 | 1.5e-15 | 7.3e-15 | 5.3e-05 | 1.3e-03 | 1.4e-02 | 3.8e-02 | 8.7e-02 | 1.2e-01 | 1.2e-01 | 1.4e-01 |
| spcf24 | 1.5e-15 | 7.3e-15 | 2.6e-05 | 1.7e-04 | 3.0e-03 | 1.2e-02 | 3.3e-02 | 5.1e-02 | 6.2e-02 | 8.0e-02 |

infidelity vs depth
| arm | 2 | 4 | 6 | 8 | 10 | 12 | 14 | 16 | 18 | 20 |
|---|---|---|---|---|---|---|---|---|---|---|
| svd6 | 1.0e-12 | 9.0e-04 | 3.2e-02 | 8.8e-02 | 1.5e-01 | 2.0e-01 | 2.5e-01 | 2.8e-01 | 3.1e-01 | 3.2e-01 |
| svd8 | 1.0e-12 | 9.5e-05 | 7.7e-03 | 5.0e-02 | 1.2e-01 | 1.7e-01 | 2.0e-01 | 2.1e-01 | 2.3e-01 | 2.3e-01 |
| svd12 | 1.0e-12 | 2.9e-07 | 4.1e-04 | 8.4e-03 | 3.4e-02 | 8.4e-02 | 1.2e-01 | 1.5e-01 | 1.7e-01 | 1.8e-01 |
| svd16 | 1.0e-12 | -4.3e-14 | 8.0e-06 | 1.3e-03 | 1.6e-02 | 4.6e-02 | 8.9e-02 | 1.2e-01 | 1.4e-01 | 1.5e-01 |
| svd24 | 1.0e-12 | -4.3e-14 | 8.5e-08 | 8.3e-05 | 3.1e-03 | 1.8e-02 | 3.5e-02 | 5.7e-02 | 7.7e-02 | 9.0e-02 |
| svd32 | 1.0e-12 | -4.3e-14 | 3.4e-09 | 8.5e-06 | 6.0e-04 | 6.0e-03 | 2.0e-02 | 3.8e-02 | 5.3e-02 | 5.9e-02 |
| svd48 | 1.0e-12 | -4.3e-14 | 2.7e-13 | 3.2e-08 | 2.5e-05 | 8.6e-04 | 5.0e-03 | 1.7e-02 | 2.8e-02 | 3.2e-02 |
| svd64 | 1.0e-12 | -4.3e-14 | -3.3e-14 | 3.9e-10 | 8.8e-07 | 1.2e-04 | 1.9e-03 | 6.9e-03 | 1.4e-02 | 1.9e-02 |
| spcf8 | 1.0e-12 | 9.5e-05 | 8.4e-03 | 5.5e-02 | 1.1e-01 | 1.5e-01 | 1.7e-01 | 2.2e-01 | 2.5e-01 | 2.6e-01 |
| spcf12 | 1.0e-12 | 2.9e-07 | 4.1e-04 | 1.0e-02 | 3.7e-02 | 8.6e-02 | 1.2e-01 | 1.6e-01 | 1.8e-01 | 1.9e-01 |
| spcf16 | 1.0e-12 | -4.3e-14 | 8.0e-06 | 1.4e-03 | 1.7e-02 | 4.7e-02 | 8.8e-02 | 1.2e-01 | 1.4e-01 | 1.5e-01 |
| spcf24 | 1.0e-12 | -4.3e-14 | 8.5e-08 | 8.3e-05 | 3.1e-03 | 1.9e-02 | 3.6e-02 | 5.9e-02 | 8.1e-02 | 9.4e-02 |

horizons and r at the SVD horizon (chi_ref = chi of both arms)
| chi_ref | d*(Z_mid,1e-2) SVD | d*(Z_mid) spcf | d*(1site,1e-2) SVD | d*(1site) spcf | r(1site) at d*Z | r(nn) at d*Z | r(1site) at d*(1site) | dZ ratio spcf/SVD at d*Z | eps_c ratio at d*Z | median eps_c ratio | fired frac |
|---|---|---|---|---|---|---|---|---|---|---|---|
| 8 | 8 | 8 | 9 | 9 | 0.96 | 0.93 | 1.08 | 1.21 | 1.12 | 0.82 | 0.334 |
| 12 | 10 | 10 | 11 | 11 | 1.05 | 1.07 | 0.95 | 0.73 | 0.95 | 0.95 | 0.300 |
| 16 | 13 | 13 | 13 | 13 | 0.98 | 1.06 | 0.98 | 0.98 | 0.98 | 0.98 | 0.276 |
| 24 | 14 | 14 | 16 | 16 | 1.03 | 0.99 | 0.97 | 0.83 | 0.95 | 1.01 | 0.216 |

r(depth): chi_SVD,eq/chi on the 1-site rms (-: both exact to 1e-9; * beyond ladder)
| chi | 2 | 4 | 6 | 8 | 10 | 12 | 14 | 16 | 18 | 20 |
|---|---|---|---|---|---|---|---|---|---|---|
| 8 | - | 1.00 | 1.03 | 0.96 | 1.06 | 1.19 | 1.19 | 1.15 | 1.18 | 1.19 |
| 12 | - | 1.00 | 1.01 | 1.00 | 1.05 | 1.01 | 1.05 | 1.06 | 1.08 | 1.12 |
| 16 | - | - | 1.00 | 1.01 | 1.05 | 0.97 | 0.98 | 1.05 | 1.04 | 1.05 |
| 24 | - | - | 1.00 | 1.00 | 0.97 | 1.03 | 1.03 | 0.97 | 0.96 | 0.97 |

### setting B

|dZ_mid| vs depth
| arm | 2 | 4 | 6 | 8 | 10 | 12 | 14 | 16 | 18 | 20 |
|---|---|---|---|---|---|---|---|---|---|---|
| svd6 | 1.3e-14 | 2.1e-02 | 1.1e-01 | 2.2e-01 | 2.6e-01 | 2.4e-01 | 2.7e-01 | 4.6e-01 | 5.6e-01 | 5.6e-01 |
| svd8 | 1.3e-14 | 6.5e-03 | 4.9e-02 | 1.3e-01 | 9.8e-02 | 1.3e-01 | 1.1e-01 | 3.1e-01 | 3.8e-01 | 4.8e-01 |
| svd12 | 1.3e-14 | 5.1e-04 | 1.5e-02 | 3.5e-02 | 7.5e-03 | 1.2e-02 | 3.0e-02 | 9.9e-02 | 1.9e-01 | 2.9e-01 |
| svd16 | 1.3e-14 | 6.1e-15 | 1.7e-03 | 1.8e-03 | 5.8e-03 | 1.8e-02 | 5.1e-02 | 1.4e-02 | 9.3e-02 | 2.1e-01 |
| svd24 | 1.3e-14 | 6.1e-15 | 2.8e-04 | 8.2e-03 | 1.1e-02 | 2.3e-02 | 2.7e-02 | 3.5e-02 | 2.0e-02 | 1.0e-01 |
| svd32 | 1.3e-14 | 6.1e-15 | 1.1e-04 | 5.3e-03 | 1.1e-02 | 6.9e-04 | 3.0e-02 | 2.2e-02 | 6.3e-03 | 6.0e-02 |
| svd48 | 1.3e-14 | 6.1e-15 | 8.7e-07 | 3.8e-04 | 1.1e-03 | 1.9e-02 | 3.3e-02 | 5.4e-03 | 1.6e-03 | 2.5e-02 |
| svd64 | 1.3e-14 | 6.1e-15 | 8.0e-15 | 1.1e-05 | 1.9e-03 | 1.4e-02 | 8.0e-03 | 1.3e-02 | 4.0e-03 | 1.3e-02 |
| spcf8 | 1.3e-14 | 7.6e-03 | 7.6e-02 | 1.4e-01 | 1.1e-01 | 8.6e-02 | 3.6e-02 | 1.9e-01 | 3.5e-01 | 4.2e-01 |
| spcf12 | 1.3e-14 | 4.4e-04 | 1.3e-02 | 3.3e-02 | 8.8e-05 | 2.0e-02 | 1.5e-03 | 1.0e-01 | 2.0e-01 | 2.9e-01 |
| spcf16 | 1.3e-14 | 6.1e-15 | 3.4e-04 | 8.5e-03 | 2.2e-02 | 5.6e-03 | 9.1e-03 | 4.5e-02 | 1.2e-01 | 2.2e-01 |
| spcf24 | 1.3e-14 | 6.1e-15 | 7.1e-04 | 9.1e-03 | 8.5e-03 | 2.7e-03 | 3.2e-03 | 5.3e-03 | 3.8e-02 | 1.4e-01 |

1-site rms vs depth
| arm | 2 | 4 | 6 | 8 | 10 | 12 | 14 | 16 | 18 | 20 |
|---|---|---|---|---|---|---|---|---|---|---|
| svd6 | 7.8e-16 | 1.0e-02 | 5.8e-02 | 1.2e-01 | 1.8e-01 | 2.3e-01 | 2.7e-01 | 3.0e-01 | 3.1e-01 | 3.1e-01 |
| svd8 | 7.8e-16 | 2.9e-03 | 2.7e-02 | 7.8e-02 | 1.2e-01 | 1.7e-01 | 2.0e-01 | 2.3e-01 | 2.4e-01 | 2.6e-01 |
| svd12 | 7.8e-16 | 2.1e-04 | 8.6e-03 | 3.4e-02 | 6.4e-02 | 1.0e-01 | 1.2e-01 | 1.4e-01 | 1.6e-01 | 1.9e-01 |
| svd16 | 7.8e-16 | 4.3e-15 | 1.7e-03 | 2.1e-02 | 4.5e-02 | 6.8e-02 | 8.6e-02 | 1.0e-01 | 1.2e-01 | 1.4e-01 |
| svd24 | 7.8e-16 | 4.3e-15 | 2.1e-04 | 9.5e-03 | 2.4e-02 | 3.9e-02 | 5.4e-02 | 6.2e-02 | 7.4e-02 | 9.1e-02 |
| svd32 | 7.8e-16 | 4.3e-15 | 6.6e-05 | 4.7e-03 | 1.6e-02 | 2.9e-02 | 4.1e-02 | 4.6e-02 | 5.4e-02 | 6.5e-02 |
| svd48 | 7.8e-16 | 4.3e-15 | 5.2e-07 | 5.3e-04 | 6.0e-03 | 1.7e-02 | 2.6e-02 | 2.9e-02 | 3.3e-02 | 4.0e-02 |
| svd64 | 7.8e-16 | 4.3e-15 | 4.5e-15 | 2.8e-05 | 2.7e-03 | 1.1e-02 | 1.7e-02 | 2.0e-02 | 2.2e-02 | 2.6e-02 |
| spcf8 | 7.8e-16 | 3.4e-03 | 3.5e-02 | 8.3e-02 | 1.1e-01 | 1.5e-01 | 1.7e-01 | 2.0e-01 | 2.1e-01 | 2.3e-01 |
| spcf12 | 7.8e-16 | 1.8e-04 | 8.8e-03 | 3.9e-02 | 6.3e-02 | 9.5e-02 | 1.1e-01 | 1.4e-01 | 1.6e-01 | 1.9e-01 |
| spcf16 | 7.8e-16 | 4.3e-15 | 1.6e-03 | 2.2e-02 | 4.6e-02 | 6.8e-02 | 8.5e-02 | 1.1e-01 | 1.3e-01 | 1.6e-01 |
| spcf24 | 7.8e-16 | 4.3e-15 | 4.4e-04 | 1.1e-02 | 2.4e-02 | 4.4e-02 | 5.8e-02 | 6.9e-02 | 9.1e-02 | 1.2e-01 |

eps_c (plain ZZ) vs depth
| arm | 2 | 4 | 6 | 8 | 10 | 12 | 14 | 16 | 18 | 20 |
|---|---|---|---|---|---|---|---|---|---|---|
| svd6 | 2.9e-14 | 8.4e-02 | 3.2e-01 | 7.2e-01 | 8.5e-01 | 9.9e-01 | 1.1e+00 | 1.4e+00 | 1.5e+00 | 1.5e+00 |
| svd8 | 2.9e-14 | 2.9e-02 | 2.2e-01 | 5.3e-01 | 5.9e-01 | 8.2e-01 | 8.8e-01 | 1.1e+00 | 1.2e+00 | 1.3e+00 |
| svd12 | 2.9e-14 | 4.4e-03 | 6.3e-02 | 3.0e-01 | 3.9e-01 | 6.3e-01 | 6.0e-01 | 7.5e-01 | 7.9e-01 | 8.1e-01 |
| svd16 | 2.9e-14 | 2.3e-14 | 1.4e-02 | 1.7e-01 | 3.0e-01 | 4.7e-01 | 5.0e-01 | 5.5e-01 | 6.0e-01 | 6.2e-01 |
| svd24 | 2.9e-14 | 2.3e-14 | 2.9e-03 | 6.0e-02 | 1.6e-01 | 2.8e-01 | 3.5e-01 | 3.5e-01 | 4.1e-01 | 4.0e-01 |
| svd32 | 2.9e-14 | 2.3e-14 | 7.0e-04 | 2.9e-02 | 1.1e-01 | 2.2e-01 | 2.7e-01 | 2.7e-01 | 3.1e-01 | 3.1e-01 |
| svd48 | 2.9e-14 | 2.3e-14 | 1.2e-04 | 3.9e-03 | 5.0e-02 | 1.2e-01 | 1.8e-01 | 1.7e-01 | 2.0e-01 | 1.9e-01 |
| svd64 | 2.9e-14 | 2.3e-14 | 1.7e-14 | 6.6e-04 | 2.3e-02 | 7.4e-02 | 1.2e-01 | 1.2e-01 | 1.4e-01 | 1.3e-01 |
| spcf8 | 2.9e-14 | 2.8e-02 | 2.5e-01 | 5.6e-01 | 6.2e-01 | 7.7e-01 | 7.8e-01 | 9.6e-01 | 1.1e+00 | 1.2e+00 |
| spcf12 | 2.9e-14 | 5.1e-03 | 6.4e-02 | 2.9e-01 | 4.3e-01 | 6.4e-01 | 6.3e-01 | 7.3e-01 | 8.0e-01 | 8.7e-01 |
| spcf16 | 2.9e-14 | 2.3e-14 | 9.2e-03 | 1.6e-01 | 3.3e-01 | 4.9e-01 | 5.4e-01 | 5.7e-01 | 6.3e-01 | 6.6e-01 |
| spcf24 | 2.9e-14 | 2.3e-14 | 3.7e-03 | 6.4e-02 | 1.7e-01 | 3.1e-01 | 3.8e-01 | 3.8e-01 | 4.4e-01 | 4.3e-01 |

infidelity vs depth
| arm | 2 | 4 | 6 | 8 | 10 | 12 | 14 | 16 | 18 | 20 |
|---|---|---|---|---|---|---|---|---|---|---|
| svd6 | -2.7e-13 | 9.3e-02 | 3.5e-01 | 4.9e-01 | 5.7e-01 | 6.3e-01 | 6.7e-01 | 6.8e-01 | 6.9e-01 | 6.9e-01 |
| svd8 | -2.7e-13 | 3.2e-02 | 2.4e-01 | 4.0e-01 | 4.8e-01 | 5.5e-01 | 5.8e-01 | 5.9e-01 | 6.0e-01 | 6.0e-01 |
| svd12 | -2.7e-13 | 1.7e-03 | 6.7e-02 | 2.7e-01 | 3.9e-01 | 4.9e-01 | 5.1e-01 | 5.2e-01 | 5.2e-01 | 5.2e-01 |
| svd16 | -2.7e-13 | -9.3e-15 | 1.3e-02 | 1.7e-01 | 2.9e-01 | 4.0e-01 | 4.4e-01 | 4.6e-01 | 4.6e-01 | 4.5e-01 |
| svd24 | -2.7e-13 | -9.3e-15 | 1.9e-03 | 7.2e-02 | 1.8e-01 | 2.8e-01 | 3.3e-01 | 3.5e-01 | 3.5e-01 | 3.4e-01 |
| svd32 | -2.7e-13 | -9.3e-15 | 4.3e-04 | 3.4e-02 | 1.2e-01 | 2.3e-01 | 2.7e-01 | 2.8e-01 | 2.7e-01 | 2.7e-01 |
| svd48 | -2.7e-13 | -9.3e-15 | 3.2e-06 | 4.1e-03 | 5.0e-02 | 1.4e-01 | 1.9e-01 | 2.0e-01 | 2.0e-01 | 1.9e-01 |
| svd64 | -2.7e-13 | -9.3e-15 | 8.4e-15 | 2.2e-04 | 2.2e-02 | 8.7e-02 | 1.4e-01 | 1.5e-01 | 1.4e-01 | 1.4e-01 |
| spcf8 | -2.7e-13 | 3.5e-02 | 2.5e-01 | 4.3e-01 | 5.3e-01 | 5.8e-01 | 6.0e-01 | 6.1e-01 | 6.1e-01 | 6.0e-01 |
| spcf12 | -2.7e-13 | 1.7e-03 | 7.1e-02 | 2.8e-01 | 4.0e-01 | 4.9e-01 | 5.3e-01 | 5.4e-01 | 5.4e-01 | 5.3e-01 |
| spcf16 | -2.7e-13 | -9.3e-15 | 1.5e-02 | 1.8e-01 | 3.1e-01 | 4.2e-01 | 4.7e-01 | 4.8e-01 | 4.8e-01 | 4.7e-01 |
| spcf24 | -2.7e-13 | -9.3e-15 | 2.1e-03 | 7.7e-02 | 1.9e-01 | 3.1e-01 | 3.8e-01 | 3.9e-01 | 3.8e-01 | 3.8e-01 |

horizons and r at the SVD horizon (chi_ref = chi of both arms)
| chi_ref | d*(Z_mid,1e-2) SVD | d*(Z_mid) spcf | d*(1site,1e-2) SVD | d*(1site) spcf | r(1site) at d*Z | r(nn) at d*Z | r(1site) at d*(1site) | dZ ratio spcf/SVD at d*Z | eps_c ratio at d*Z | median eps_c ratio | fired frac |
|---|---|---|---|---|---|---|---|---|---|---|---|
| 8 | 5 | 5 | 6 | 6 | 1.00 | 1.02 | 0.91 | 1.02 | 0.94 | 0.91 | 0.176 |
| 12 | 6 | 6 | 7 | 7 | 0.99 | 1.00 | 0.89 | 0.91 | 1.00 | 1.05 | 0.224 |
| 16 | 7 | 7 | 7 | 7 | 0.94 | 0.96 | 0.94 | 1.09 | 0.91 | 1.05 | 0.211 |
| 24 | 10 | 13 | 9 | 8 | 1.00 | 0.97 | 1.01 | 0.75 | 1.05 | 1.07 | 0.189 |

r(depth): chi_SVD,eq/chi on the 1-site rms (-: both exact to 1e-9; * beyond ladder)
| chi | 2 | 4 | 6 | 8 | 10 | 12 | 14 | 16 | 18 | 20 |
|---|---|---|---|---|---|---|---|---|---|---|
| 8 | - | 0.96 | 0.91 | 0.96 | 1.02 | 1.07 | 1.14 | 1.15 | 1.15 | 1.14 |
| 12 | - | 1.00 | 0.99 | 0.93 | 1.01 | 1.04 | 1.04 | 1.02 | 0.99 | 0.99 |
| 16 | - | - | 1.02 | 0.96 | 0.98 | 1.00 | 1.01 | 0.96 | 0.91 | 0.89 |
| 24 | - | - | 0.87 | 0.93 | 1.00 | 0.92 | 0.94 | 0.92 | 0.84 | 0.81 |

### setting C

|dZ_mid| vs depth
| arm | 2 | 4 | 6 | 8 | 10 | 12 | 14 | 16 | 18 | 20 |
|---|---|---|---|---|---|---|---|---|---|---|
| svd6 | 2.2e-16 | 3.5e-05 | 1.4e-02 | 6.6e-02 | 1.3e-01 | 1.8e-01 | 9.6e-02 | 3.5e-02 | 3.6e-02 | 6.4e-03 |
| svd8 | 2.2e-16 | 2.5e-09 | 3.5e-04 | 2.9e-02 | 6.5e-02 | 4.1e-02 | 1.3e-01 | 2.5e-02 | 4.4e-02 | 4.1e-02 |
| svd12 | 2.2e-16 | 3.3e-13 | 1.8e-05 | 5.1e-03 | 1.2e-02 | 1.2e-03 | 3.7e-02 | 8.9e-03 | 6.1e-02 | 6.3e-02 |
| svd16 | 2.2e-16 | 1.8e-15 | 7.4e-09 | 1.6e-04 | 4.8e-03 | 3.9e-03 | 8.7e-03 | 6.1e-03 | 3.1e-03 | 3.6e-02 |
| svd24 | 2.2e-16 | 1.8e-15 | 8.6e-13 | 3.7e-06 | 1.0e-03 | 3.9e-03 | 6.5e-03 | 8.0e-03 | 2.3e-02 | 2.1e-02 |
| svd32 | 2.2e-16 | 1.8e-15 | 8.4e-15 | 8.0e-09 | 6.9e-05 | 1.8e-03 | 3.0e-03 | 1.7e-02 | 4.0e-03 | 1.5e-02 |
| svd48 | 2.2e-16 | 1.8e-15 | 4.1e-15 | 6.5e-13 | 1.6e-06 | 1.9e-04 | 6.5e-04 | 1.6e-03 | 2.3e-03 | 1.0e-03 |
| svd64 | 2.2e-16 | 1.8e-15 | 3.4e-15 | 1.1e-14 | 6.3e-09 | 1.9e-05 | 1.5e-03 | 7.6e-04 | 1.5e-03 | 3.1e-03 |
| spcf8 | 2.2e-16 | 2.5e-09 | 1.0e-03 | 1.6e-02 | 1.2e-02 | 1.7e-02 | 3.8e-02 | 1.9e-02 | 9.4e-02 | 9.4e-02 |
| spcf12 | 2.2e-16 | 3.3e-13 | 1.8e-05 | 3.3e-03 | 1.3e-02 | 1.3e-02 | 2.8e-02 | 2.5e-02 | 3.5e-02 | 1.7e-02 |
| spcf16 | 2.2e-16 | 1.8e-15 | 7.4e-09 | 3.6e-04 | 4.4e-04 | 5.4e-03 | 7.8e-03 | 2.6e-02 | 2.4e-03 | 9.5e-03 |
| spcf24 | 2.2e-16 | 1.8e-15 | 8.6e-13 | 3.7e-06 | 4.4e-04 | 1.9e-03 | 9.1e-03 | 3.4e-03 | 3.7e-02 | 2.8e-02 |

1-site rms vs depth
| arm | 2 | 4 | 6 | 8 | 10 | 12 | 14 | 16 | 18 | 20 |
|---|---|---|---|---|---|---|---|---|---|---|
| svd6 | 5.5e-16 | 3.6e-05 | 1.5e-02 | 5.0e-02 | 6.4e-02 | 8.7e-02 | 8.5e-02 | 9.1e-02 | 1.1e-01 | 1.2e-01 |
| svd8 | 5.5e-16 | 1.1e-09 | 3.7e-04 | 4.4e-02 | 4.0e-02 | 4.6e-02 | 6.4e-02 | 7.2e-02 | 8.2e-02 | 1.0e-01 |
| svd12 | 5.5e-16 | 2.2e-13 | 1.9e-05 | 6.5e-03 | 3.1e-02 | 3.3e-02 | 4.1e-02 | 4.8e-02 | 5.7e-02 | 7.1e-02 |
| svd16 | 5.5e-16 | 8.3e-16 | 2.1e-08 | 3.1e-04 | 1.9e-02 | 2.7e-02 | 3.3e-02 | 3.9e-02 | 4.4e-02 | 5.2e-02 |
| svd24 | 5.5e-16 | 8.3e-16 | 7.6e-13 | 7.3e-06 | 2.9e-03 | 2.0e-02 | 2.2e-02 | 2.8e-02 | 3.2e-02 | 3.7e-02 |
| svd32 | 5.5e-16 | 8.3e-16 | 7.6e-15 | 6.0e-08 | 2.4e-04 | 1.3e-02 | 1.6e-02 | 2.1e-02 | 2.5e-02 | 3.0e-02 |
| svd48 | 5.5e-16 | 8.3e-16 | 2.1e-15 | 1.7e-12 | 3.1e-06 | 1.3e-03 | 1.0e-02 | 1.3e-02 | 1.7e-02 | 2.0e-02 |
| svd64 | 5.5e-16 | 8.3e-16 | 1.6e-15 | 1.9e-14 | 5.4e-08 | 1.3e-04 | 5.5e-03 | 8.9e-03 | 1.2e-02 | 1.5e-02 |
| spcf8 | 5.5e-16 | 1.1e-09 | 1.4e-03 | 2.9e-02 | 3.1e-02 | 4.8e-02 | 5.4e-02 | 6.2e-02 | 7.6e-02 | 9.0e-02 |
| spcf12 | 5.5e-16 | 2.2e-13 | 1.9e-05 | 5.6e-03 | 2.8e-02 | 3.4e-02 | 4.5e-02 | 5.6e-02 | 5.9e-02 | 6.1e-02 |
| spcf16 | 5.5e-16 | 8.3e-16 | 2.1e-08 | 1.5e-03 | 1.8e-02 | 2.7e-02 | 3.7e-02 | 4.4e-02 | 4.5e-02 | 4.7e-02 |
| spcf24 | 5.5e-16 | 8.3e-16 | 7.6e-13 | 7.3e-06 | 2.8e-03 | 1.8e-02 | 2.6e-02 | 3.4e-02 | 3.8e-02 | 3.7e-02 |

eps_c (plain ZZ) vs depth
| arm | 2 | 4 | 6 | 8 | 10 | 12 | 14 | 16 | 18 | 20 |
|---|---|---|---|---|---|---|---|---|---|---|
| svd6 | 1.2e-15 | 1.8e-03 | 6.0e-02 | 1.6e-01 | 3.7e-01 | 6.8e-01 | 4.7e-01 | 4.9e-01 | 7.5e-01 | 1.1e+00 |
| svd8 | 1.2e-15 | 5.6e-06 | 5.9e-03 | 8.9e-02 | 2.8e-01 | 4.1e-01 | 3.8e-01 | 3.5e-01 | 5.8e-01 | 8.6e-01 |
| svd12 | 1.2e-15 | 1.5e-07 | 8.3e-04 | 2.2e-02 | 7.7e-02 | 2.1e-01 | 3.0e-01 | 2.9e-01 | 3.8e-01 | 4.9e-01 |
| svd16 | 1.2e-15 | 3.8e-15 | 1.4e-05 | 4.5e-03 | 3.9e-02 | 1.3e-01 | 2.2e-01 | 2.2e-01 | 2.9e-01 | 4.0e-01 |
| svd24 | 1.2e-15 | 3.8e-15 | 1.6e-07 | 1.9e-04 | 9.6e-03 | 4.7e-02 | 1.2e-01 | 1.7e-01 | 2.0e-01 | 2.8e-01 |
| svd32 | 1.2e-15 | 3.8e-15 | 2.8e-09 | 1.8e-05 | 3.4e-03 | 2.5e-02 | 7.8e-02 | 1.3e-01 | 1.6e-01 | 2.1e-01 |
| svd48 | 1.2e-15 | 3.8e-15 | 2.8e-13 | 1.4e-07 | 8.0e-05 | 3.9e-03 | 2.7e-02 | 1.1e-01 | 1.1e-01 | 1.3e-01 |
| svd64 | 1.2e-15 | 3.8e-15 | 6.0e-15 | 4.0e-09 | 1.7e-05 | 1.1e-03 | 1.3e-02 | 7.9e-02 | 8.0e-02 | 8.5e-02 |
| spcf8 | 1.2e-15 | 5.6e-06 | 5.8e-03 | 9.4e-02 | 3.0e-01 | 3.4e-01 | 3.3e-01 | 3.5e-01 | 5.0e-01 | 6.3e-01 |
| spcf12 | 1.2e-15 | 1.5e-07 | 8.3e-04 | 3.2e-02 | 1.2e-01 | 2.6e-01 | 2.6e-01 | 2.5e-01 | 3.4e-01 | 4.7e-01 |
| spcf16 | 1.2e-15 | 3.8e-15 | 1.4e-05 | 5.8e-03 | 6.7e-02 | 1.9e-01 | 2.0e-01 | 2.0e-01 | 2.7e-01 | 3.7e-01 |
| spcf24 | 1.2e-15 | 3.8e-15 | 1.6e-07 | 1.9e-04 | 1.4e-02 | 6.4e-02 | 1.4e-01 | 1.3e-01 | 1.8e-01 | 2.5e-01 |

infidelity vs depth
| arm | 2 | 4 | 6 | 8 | 10 | 12 | 14 | 16 | 18 | 20 |
|---|---|---|---|---|---|---|---|---|---|---|
| svd6 | -1.2e-14 | 2.1e-04 | 9.3e-02 | 3.5e-01 | 5.4e-01 | 6.7e-01 | 7.0e-01 | 7.8e-01 | 8.3e-01 | 8.5e-01 |
| svd8 | -1.2e-14 | 6.9e-09 | 1.9e-03 | 2.3e-01 | 4.1e-01 | 5.3e-01 | 6.0e-01 | 6.7e-01 | 7.3e-01 | 7.7e-01 |
| svd12 | -1.2e-14 | 1.4e-12 | 1.0e-04 | 3.4e-02 | 1.9e-01 | 3.4e-01 | 4.6e-01 | 5.1e-01 | 5.7e-01 | 6.1e-01 |
| svd16 | -1.2e-14 | 3.1e-15 | 2.8e-08 | 1.2e-03 | 9.6e-02 | 2.5e-01 | 3.5e-01 | 4.4e-01 | 5.0e-01 | 5.4e-01 |
| svd24 | -1.2e-14 | 3.1e-15 | 4.8e-12 | 3.6e-05 | 1.4e-02 | 1.0e-01 | 2.2e-01 | 3.0e-01 | 3.7e-01 | 4.1e-01 |
| svd32 | -1.2e-14 | 3.1e-15 | -8.9e-16 | 4.4e-08 | 7.3e-04 | 4.8e-02 | 1.4e-01 | 2.2e-01 | 2.8e-01 | 3.2e-01 |
| svd48 | -1.2e-14 | 3.1e-15 | 3.1e-14 | 6.1e-12 | 1.4e-05 | 5.7e-03 | 5.0e-02 | 1.2e-01 | 1.7e-01 | 2.1e-01 |
| svd64 | -1.2e-14 | 3.1e-15 | 3.6e-14 | 2.0e-14 | 4.4e-08 | 3.0e-04 | 2.0e-02 | 7.1e-02 | 1.1e-01 | 1.4e-01 |
| spcf8 | -1.2e-14 | 6.9e-09 | 2.6e-03 | 2.1e-01 | 3.7e-01 | 4.8e-01 | 5.5e-01 | 6.1e-01 | 6.6e-01 | 7.0e-01 |
| spcf12 | -1.2e-14 | 1.4e-12 | 1.0e-04 | 3.7e-02 | 2.1e-01 | 3.4e-01 | 4.4e-01 | 5.0e-01 | 5.5e-01 | 5.8e-01 |
| spcf16 | -1.2e-14 | 3.1e-15 | 2.8e-08 | 2.0e-03 | 1.2e-01 | 2.5e-01 | 3.4e-01 | 4.3e-01 | 4.9e-01 | 5.1e-01 |
| spcf24 | -1.2e-14 | 3.1e-15 | 4.8e-12 | 3.6e-05 | 1.5e-02 | 1.1e-01 | 2.2e-01 | 3.1e-01 | 3.7e-01 | 4.1e-01 |

horizons and r at the SVD horizon (chi_ref = chi of both arms)
| chi_ref | d*(Z_mid,1e-2) SVD | d*(Z_mid) spcf | d*(1site,1e-2) SVD | d*(1site) spcf | r(1site) at d*Z | r(nn) at d*Z | r(1site) at d*(1site) | dZ ratio spcf/SVD at d*Z | eps_c ratio at d*Z | median eps_c ratio | fired frac |
|---|---|---|---|---|---|---|---|---|---|---|---|
| 8 | 8 | 8 | 8 | 8 | 1.09 | 1.20 | 1.09 | 0.56 | 1.06 | 0.93 | 0.287 |
| 12 | 10 | 10 | 9 | 9 | 1.05 | 1.28 | 1.00 | 1.16 | 1.56 | 0.98 | 0.274 |
| 16 | 11 | 15 | 10 | 10 | 1.10 | 1.05 | 1.00 | 0.04 | 1.53 | 0.94 | 0.239 |
| 24 | 18 | 15 | 12 | 12 | 0.81 | 1.02 | 1.08 | 1.66 | 0.94 | 1.06 | 0.195 |

r(depth): chi_SVD,eq/chi on the 1-site rms (-: both exact to 1e-9; * beyond ladder)
| chi | 2 | 4 | 6 | 8 | 10 | 12 | 14 | 16 | 18 | 20 |
|---|---|---|---|---|---|---|---|---|---|---|
| 8 | - | 1.00 | 0.90 | 1.09 | 1.45 | 0.98 | 1.16 | 1.16 | 1.08 | 1.13 |
| 12 | - | - | 1.00 | 1.01 | 1.05 | 0.96 | 0.92 | 0.87 | 0.96 | 1.14 |
| 16 | - | - | 1.00 | 0.86 | 1.00 | 0.99 | 0.84 | 0.87 | 0.96 | 1.12 |
| 24 | - | - | - | 1.00 | 1.01 | 1.08 | 0.84 | 0.79 | 0.81 | 1.00 |

### setting D

|dZ_mid| vs depth
| arm | 2 | 4 | 6 | 8 | 10 | 12 | 14 | 16 | 18 | 20 |
|---|---|---|---|---|---|---|---|---|---|---|
| svd6 | 1.3e-16 | 4.2e-03 | 1.8e-01 | 2.0e-01 | 3.1e-13 | 8.8e-08 | 1.3e-11 | 7.0e-09 | 2.7e-09 | 5.0e-08 |
| svd8 | 1.3e-16 | 1.4e-16 | 4.0e-16 | 4.6e-16 | 5.6e-16 | 3.2e-15 | 5.8e-15 | 2.4e-15 | 1.5e-16 | 3.2e-15 |
| svd12 | 1.3e-16 | 5.4e-02 | 6.2e-05 | 2.2e-07 | 1.3e-09 | 8.8e-09 | 8.4e-09 | 2.1e-08 | 5.1e-08 | 1.0e-08 |
| svd16 | 1.3e-16 | 1.3e-16 | 4.9e-03 | 2.9e-04 | 3.1e-02 | 3.2e-03 | 7.7e-03 | 3.2e-03 | 1.2e-03 | 7.5e-03 |
| svd24 | 1.3e-16 | 1.3e-16 | 3.3e-02 | 1.2e-02 | 4.7e-14 | 2.6e-13 | 1.7e-13 | 4.1e-14 | 1.3e-13 | 3.4e-14 |
| svd32 | 1.3e-16 | 1.3e-16 | 8.2e-16 | 8.8e-16 | 1.4e-16 | 8.7e-17 | 1.6e-15 | 1.2e-15 | 2.7e-15 | 2.8e-15 |
| svd48 | 1.3e-16 | 1.3e-16 | 2.2e-16 | 1.8e-15 | 5.6e-17 | 2.0e-15 | 1.7e-16 | 2.8e-15 | 1.0e-16 | 6.5e-16 |
| svd64 | 1.3e-16 | 1.3e-16 | 1.9e-17 | 1.1e-16 | 1.8e-16 | 1.2e-15 | 6.7e-16 | 9.2e-16 | 6.8e-16 | 1.4e-16 |
| spcf8 | 1.3e-16 | 6.0e-03 | 1.2e-02 | 1.2e-07 | 1.4e-06 | 5.0e-08 | 6.4e-08 | 2.3e-12 | 2.2e-13 | 1.9e-15 |
| spcf12 | 1.3e-16 | 3.1e-02 | 1.1e-02 | 6.2e-04 | 3.1e-07 | 4.9e-06 | 2.8e-06 | 3.6e-05 | 2.2e-05 | 1.8e-05 |
| spcf16 | 1.3e-16 | 1.3e-16 | 1.1e-02 | 4.5e-05 | 1.2e-06 | 2.9e-07 | 1.0e-07 | 1.0e-07 | 1.1e-07 | 1.8e-08 |
| spcf24 | 1.3e-16 | 1.3e-16 | 7.5e-03 | 3.6e-04 | 6.3e-08 | 1.8e-07 | 6.6e-08 | 1.0e-07 | 1.8e-07 | 2.0e-08 |

1-site rms vs depth
| arm | 2 | 4 | 6 | 8 | 10 | 12 | 14 | 16 | 18 | 20 |
|---|---|---|---|---|---|---|---|---|---|---|
| svd6 | 4.6e-17 | 5.9e-02 | 1.4e-01 | 3.7e-02 | 1.5e-01 | 9.9e-02 | 1.2e-01 | 8.0e-02 | 2.5e-02 | 5.6e-02 |
| svd8 | 4.6e-17 | 5.2e-02 | 1.1e-01 | 6.5e-02 | 1.0e-01 | 1.6e-01 | 9.3e-02 | 6.0e-02 | 6.7e-02 | 1.3e-01 |
| svd12 | 4.6e-17 | 3.2e-02 | 1.2e-01 | 1.1e-01 | 1.2e-01 | 1.3e-01 | 7.2e-02 | 4.6e-02 | 4.4e-02 | 2.8e-02 |
| svd16 | 4.6e-17 | 9.1e-17 | 4.5e-02 | 9.2e-02 | 2.6e-02 | 1.0e-01 | 6.2e-02 | 3.0e-02 | 2.5e-02 | 6.8e-02 |
| svd24 | 4.6e-17 | 9.1e-17 | 1.5e-02 | 1.0e-01 | 6.3e-02 | 5.3e-02 | 1.2e-01 | 3.6e-02 | 2.7e-02 | 2.8e-02 |
| svd32 | 4.6e-17 | 9.1e-17 | 2.0e-02 | 6.5e-02 | 7.4e-02 | 4.5e-02 | 6.9e-02 | 2.7e-02 | 3.4e-02 | 3.3e-02 |
| svd48 | 4.6e-17 | 9.1e-17 | 8.0e-03 | 4.3e-02 | 7.7e-02 | 4.9e-02 | 3.4e-02 | 2.1e-02 | 2.5e-02 | 2.0e-02 |
| svd64 | 4.6e-17 | 9.1e-17 | 1.3e-16 | 1.6e-02 | 1.4e-02 | 2.4e-02 | 1.7e-02 | 2.0e-02 | 1.1e-02 | 9.0e-03 |
| spcf8 | 4.6e-17 | 7.6e-02 | 5.0e-02 | 1.8e-02 | 1.9e-02 | 6.5e-02 | 1.0e-01 | 9.7e-02 | 4.6e-02 | 1.5e-02 |
| spcf12 | 4.6e-17 | 2.5e-02 | 7.8e-02 | 7.2e-02 | 8.0e-02 | 8.7e-02 | 4.9e-02 | 5.6e-02 | 3.0e-02 | 3.2e-02 |
| spcf16 | 4.6e-17 | 9.1e-17 | 6.5e-02 | 6.8e-02 | 9.1e-02 | 5.5e-02 | 7.2e-02 | 8.7e-02 | 1.4e-02 | 5.6e-02 |
| spcf24 | 4.6e-17 | 9.1e-17 | 3.5e-02 | 3.8e-02 | 3.2e-02 | 5.3e-02 | 4.2e-02 | 2.0e-02 | 2.1e-02 | 3.1e-02 |

eps_c (plain ZZ) vs depth
| arm | 2 | 4 | 6 | 8 | 10 | 12 | 14 | 16 | 18 | 20 |
|---|---|---|---|---|---|---|---|---|---|---|
| svd6 | 3.8e+00 | 3.1e+15 | 2.1e+15 | 7.5e+14 | 9.5e+14 | 9.2e+14 | 2.0e+15 | 1.5e+15 | 2.7e+15 | 8.0e-01 |
| svd8 | 3.8e+00 | 9.9e+14 | 1.3e+15 | 1.4e+15 | 1.1e+15 | 1.1e+15 | 1.2e+15 | 6.9e+14 | 1.5e+15 | 9.7e-01 |
| svd12 | 3.8e+00 | 5.5e+14 | 9.5e+14 | 1.4e+15 | 1.3e+15 | 1.1e+15 | 1.3e+15 | 6.8e+14 | 1.4e+15 | 7.9e-01 |
| svd16 | 3.8e+00 | 1.9e+00 | 9.8e+14 | 7.9e+14 | 6.1e+14 | 7.1e+14 | 7.4e+14 | 5.3e+14 | 6.0e+14 | 8.7e-01 |
| svd24 | 3.8e+00 | 1.9e+00 | 8.5e+14 | 8.5e+14 | 5.3e+14 | 8.1e+14 | 7.0e+14 | 3.5e+14 | 6.3e+14 | 7.5e-01 |
| svd32 | 3.8e+00 | 1.9e+00 | 2.0e+14 | 7.8e+14 | 1.1e+15 | 7.4e+14 | 5.0e+14 | 5.7e+14 | 4.0e+14 | 8.0e-01 |
| svd48 | 3.8e+00 | 1.9e+00 | 1.7e+14 | 7.3e+14 | 1.1e+15 | 1.0e+15 | 7.0e+14 | 2.2e+14 | 2.7e+14 | 7.8e-01 |
| svd64 | 3.8e+00 | 1.9e+00 | 1.5e+00 | 3.1e+14 | 3.0e+14 | 5.0e+14 | 2.8e+14 | 8.2e+13 | 1.0e+14 | 8.5e-01 |
| spcf8 | 3.8e+00 | 1.2e+15 | 1.4e+15 | 3.4e+14 | 8.3e+14 | 7.2e+14 | 1.8e+15 | 8.3e+14 | 6.3e+14 | 9.5e-01 |
| spcf12 | 3.8e+00 | 5.3e+14 | 1.0e+15 | 1.8e+15 | 1.3e+15 | 7.4e+14 | 8.3e+14 | 4.0e+14 | 6.2e+14 | 8.7e-01 |
| spcf16 | 3.8e+00 | 1.9e+00 | 8.0e+14 | 8.9e+14 | 9.5e+14 | 8.9e+14 | 5.3e+14 | 5.1e+14 | 3.4e+14 | 9.0e-01 |
| spcf24 | 3.8e+00 | 1.9e+00 | 7.9e+14 | 8.6e+14 | 1.1e+15 | 5.3e+14 | 9.8e+14 | 3.0e+14 | 3.3e+14 | 8.3e-01 |

infidelity vs depth
| arm | 2 | 4 | 6 | 8 | 10 | 12 | 14 | 16 | 18 | 20 |
|---|---|---|---|---|---|---|---|---|---|---|
| svd6 | 0.0e+00 | 9.4e-01 | 9.9e-01 | 9.9e-01 | 9.9e-01 | 9.9e-01 | 9.9e-01 | 1.0e+00 | 1.0e+00 | 1.0e+00 |
| svd8 | 0.0e+00 | 9.8e-01 | 1.0e+00 | 1.0e+00 | 1.0e+00 | 1.0e+00 | 1.0e+00 | 1.0e+00 | 1.0e+00 | 1.0e+00 |
| svd12 | 0.0e+00 | 8.4e-01 | 9.5e-01 | 9.8e-01 | 9.9e-01 | 9.9e-01 | 9.9e-01 | 9.9e-01 | 9.9e-01 | 9.9e-01 |
| svd16 | 0.0e+00 | 0.0e+00 | 9.9e-01 | 9.9e-01 | 1.0e+00 | 1.0e+00 | 1.0e+00 | 1.0e+00 | 1.0e+00 | 1.0e+00 |
| svd24 | 0.0e+00 | 0.0e+00 | 8.5e-01 | 9.5e-01 | 9.8e-01 | 9.8e-01 | 9.8e-01 | 9.8e-01 | 9.8e-01 | 9.8e-01 |
| svd32 | 0.0e+00 | 0.0e+00 | 9.0e-01 | 9.5e-01 | 9.8e-01 | 9.8e-01 | 9.8e-01 | 9.8e-01 | 9.8e-01 | 9.8e-01 |
| svd48 | 0.0e+00 | 0.0e+00 | 6.5e-01 | 8.9e-01 | 9.6e-01 | 9.6e-01 | 9.7e-01 | 9.7e-01 | 9.7e-01 | 9.7e-01 |
| svd64 | 0.0e+00 | 0.0e+00 | 0.0e+00 | 8.9e-01 | 9.6e-01 | 9.6e-01 | 9.6e-01 | 9.6e-01 | 9.6e-01 | 9.6e-01 |
| spcf8 | 0.0e+00 | 9.9e-01 | 9.9e-01 | 1.0e+00 | 1.0e+00 | 1.0e+00 | 1.0e+00 | 1.0e+00 | 1.0e+00 | 1.0e+00 |
| spcf12 | 0.0e+00 | 9.0e-01 | 9.8e-01 | 9.9e-01 | 1.0e+00 | 1.0e+00 | 9.9e-01 | 9.9e-01 | 9.9e-01 | 9.9e-01 |
| spcf16 | 0.0e+00 | 0.0e+00 | 9.9e-01 | 9.9e-01 | 1.0e+00 | 1.0e+00 | 1.0e+00 | 1.0e+00 | 1.0e+00 | 1.0e+00 |
| spcf24 | 0.0e+00 | 0.0e+00 | 9.0e-01 | 9.6e-01 | 9.9e-01 | 9.9e-01 | 9.8e-01 | 9.8e-01 | 9.8e-01 | 9.8e-01 |

horizons and r at the SVD horizon (chi_ref = chi of both arms)
| chi_ref | d*(Z_mid,1e-2) SVD | d*(Z_mid) spcf | d*(1site,1e-2) SVD | d*(1site) spcf | r(1site) at d*Z | r(nn) at d*Z | r(1site) at d*(1site) | dZ ratio spcf/SVD at d*Z | eps_c ratio at d*Z | median eps_c ratio | fired frac |
|---|---|---|---|---|---|---|---|---|---|---|---|
| 8 | 5 | 6 | 4 | 4 | 0.93 | 0.91 | 0.45* | 0.03 | 0.96 | 0.99 | 0.026 |
| 12 | 4 | 4 | 4 | 4 | 1.00 | 1.00 | 1.00 | 0.57 | 0.98 | 0.80 | 0.053 |
| 16 | 10 | 6 | 5 | 5 | 0.77 | 2.07 | 0.67 | 0.00 | 1.57 | 0.79 | 0.034 |
| 24 | 6 | >20 | 5 | 5 | 0.73 | 1.65 | 1.00 | 0.23 | 0.93 | 0.97 | 0.042 |

r(depth): chi_SVD,eq/chi on the 1-site rms (-: both exact to 1e-9; * beyond ladder)
| chi | 2 | 4 | 6 | 8 | 10 | 12 | 14 | 16 | 18 | 20 |
|---|---|---|---|---|---|---|---|---|---|---|
| 8 | - | 0.45* | 1.94 | 7.63 | 6.88 | 2.62 | 0.92 | 0.63* | 0.75* | 6.70 |
| 12 | - | 1.00 | 1.12 | 0.50* | 1.06 | 1.45 | 3.12 | 0.73 | 0.50* | 0.91 |
| 16 | - | - | 0.90 | 0.38* | 0.77 | 1.47 | 0.75 | 0.35* | 3.62 | 0.38* |
| 24 | - | - | 0.73 | 0.25* | 0.64 | 1.02 | 1.73 | 2.67* | 2.12 | 0.47 |
