
ising N=12: Heisenberg-evolved operator MPOs, dmax=150
     eps   m  bond   secs        err
   1e-04   1     4      6   1.11e-05
   1e-04   2     6      6   2.87e-05
   1e-04   3     9      6   4.52e-05
   1e-04   4    11      6   6.12e-05
   1e-04   6    17      6   5.87e-05
   1e-04   8    29      6   1.05e-04
   1e-04  10    40      6   1.09e-04
   1e-05   1     5     21   1.12e-06
   1e-05   2     7     21   3.30e-06
   1e-05   3    13     21   4.99e-06
   1e-05   4    18     21   6.65e-06
   1e-05   6    35     21   7.27e-06
   1e-05   8    52     21   1.02e-05
   1e-05  10    87     21   1.18e-05
   1e-06   1     5    113   2.58e-07
   1e-06   2    10    113   2.81e-07
   1e-06   3    17    113   3.18e-07
   1e-06   4    26    113   3.39e-07
   1e-06   6    56    113   5.26e-07
   1e-06   8   101    113   6.03e-07
   1e-06  10   150    113   7.00e-07
