T0 locality budget of the SVD-sweep compression error.  usable = SVD infidelity in [1e-4, 1e-2].
columns: f_loc = unweighted squared-error share of elements with span<=4; fE = H-coefficient-weighted squared share (primary);
          sgn / abs = signed / absolute share of the energy error from span<=4 elements; leak = max(Var N, Var Sz)

cell           chi     infid        dE  f_loc  fE(2)  fE(3)  fE(4)  fE(6)   sgn4   abs4     leak  use
tfim_ising       2  5.81e-03  1.96e-02  0.221  1.000  1.000  1.000  1.000   1.00  1.000      nan  *
tfim_ising       3  7.10e-04  4.08e-03  0.155  1.000  1.000  1.000  1.000   1.00  1.000      nan  *
tfim_ising       4  1.29e-05  5.27e-05  0.344  1.000  1.000  1.000  1.000   1.00  1.000      nan  
tfim_ising       6  2.09e-08  1.24e-07  0.206  1.000  1.000  1.000  1.000   1.00  1.000      nan  
tfim_ising       8  2.28e-09  1.92e-08  0.056  1.000  1.000  1.000  1.000   1.00  1.000      nan  
tfim_ising      12  1.14e-12  1.04e-11  0.065  1.000  1.000  1.000  1.000   1.00  1.000      nan  

tfim_crit        2  1.13e-02  4.04e-02  0.194  1.000  1.000  1.000  1.000   1.00  1.000      nan  
tfim_crit        3  1.88e-03  1.06e-02  0.121  1.000  1.000  1.000  1.000   1.00  1.000      nan  *
tfim_crit        4  2.71e-05  1.14e-04  0.312  1.000  1.000  1.000  1.000   1.00  1.000      nan  
tfim_crit        6  6.87e-08  4.62e-07  0.336  1.000  1.000  1.000  1.000   1.00  1.000      nan  
tfim_crit        8  9.86e-09  8.68e-08  0.206  1.000  1.000  1.000  1.000   1.00  1.000      nan  
tfim_crit       12  4.77e-12  2.62e-11  0.003  1.000  1.000  1.000  1.000   1.00  1.000      nan  

heis             2  3.92e-01  2.57e+00  0.710  1.000  1.000  1.000  1.000   1.00  1.000      nan  
heis             3  2.18e-01  1.33e+00  0.612  1.000  1.000  1.000  1.000   1.00  1.000      nan  
heis             4  1.09e-02  9.50e-02  0.308  1.000  1.000  1.000  1.000   1.00  1.000      nan  
heis             6  5.45e-03  5.07e-02  0.260  1.000  1.000  1.000  1.000   1.00  1.000      nan  *
heis             8  7.87e-05  7.99e-04  0.012  1.000  1.000  1.000  1.000   1.00  1.000      nan  
heis            12  1.18e-05  1.60e-04  0.049  1.000  1.000  1.000  1.000   1.00  1.000      nan  
heis            16  4.41e-07  4.21e-06  0.001  1.000  1.000  1.000  1.000   1.00  1.000      nan  
heis            24  4.27e-09  7.21e-08  0.001  1.000  1.000  1.000  1.000   1.00  1.000      nan  
heis            32  4.72e-10  9.14e-09  0.001  1.000  1.000  1.000  1.000   1.00  1.000      nan  

lr0.5_nat        2  2.14e-02  1.99e-01  0.211  0.413  0.911  0.929  0.967  -0.64  0.734      nan  
lr0.5_nat        3  8.10e-03  1.40e-01  0.255  0.384  0.428  0.912  0.944   0.46  0.728      nan  *
lr0.5_nat        4  5.57e-04  7.13e-03  0.471  0.020  0.239  0.900  0.936   2.91  0.691      nan  *
lr0.5_nat        6  1.49e-04  2.93e-03  0.298  0.022  0.147  0.703  0.899   1.44  0.604      nan  *
lr0.5_nat        8  9.26e-06  1.61e-04  0.058  0.000  0.004  0.173  0.803   8.37  0.207      nan  
lr0.5_nat       12  6.74e-07  9.23e-06  0.006  0.000  0.001  0.022  0.613  12.07  0.076      nan  
lr0.5_nat       16  8.31e-08  1.35e-06  0.002  0.000  0.000  0.005  0.276   5.03  0.042      nan  
lr0.5_nat       24  5.09e-09  9.15e-08  0.001  0.000  0.000  0.002  0.095   4.69  0.024      nan  
lr0.5_nat       32  4.48e-10  8.16e-09  0.000  0.000  0.000  0.000  0.004   8.98  0.007      nan  

lr0.5_rand       2  1.79e-01  1.34e+00  0.312  0.077  0.178  0.285  0.600  -0.29  0.376      nan  
lr0.5_rand       3  1.27e-01  1.00e+00  0.267  0.067  0.126  0.224  0.576  -0.35  0.327      nan  
lr0.5_rand       4  8.91e-02  8.22e-01  0.268  0.077  0.158  0.268  0.487  -0.27  0.337      nan  
lr0.5_rand       6  4.86e-02  4.68e-01  0.236  0.069  0.217  0.239  0.382  -0.35  0.322      nan  
lr0.5_rand       8  2.60e-02  2.76e-01  0.171  0.058  0.097  0.121  0.319  -0.51  0.278      nan  
lr0.5_rand      12  1.21e-02  1.58e-01  0.261  0.086  0.166  0.243  0.482  -0.43  0.358      nan  
lr0.5_rand      16  5.55e-03  7.20e-02  0.198  0.067  0.121  0.168  0.358  -0.47  0.314      nan  *
lr0.5_rand      24  1.68e-03  2.64e-02  0.158  0.074  0.120  0.146  0.355  -0.57  0.296      nan  *
lr0.5_rand      32  5.33e-04  9.06e-03  0.127  0.070  0.103  0.120  0.281  -0.60  0.277      nan  *
lr0.5_rand      48  6.16e-05  1.13e-03  0.331  0.044  0.088  0.200  0.438  -1.06  0.286      nan  
lr0.5_rand      64  8.57e-06  1.55e-04  0.158  0.023  0.055  0.116  0.438  -1.22  0.218      nan  
lr0.5_rand      96  5.66e-07  1.17e-05  0.426  0.011  0.090  0.359  0.718  -1.78  0.301      nan  
lr0.5_rand     128  3.20e-08  6.25e-07  0.469  0.001  0.156  0.515  0.902  -3.53  0.362      nan  

lr1.5_nat        2  5.70e-03  3.30e-02  0.706  0.051  0.076  0.882  0.995   1.24  0.716      nan  *
lr1.5_nat        3  7.67e-04  7.21e-03  0.070  0.131  0.220  0.341  0.939   0.90  0.457      nan  *
lr1.5_nat        4  2.37e-04  1.23e-03  0.035  0.006  0.042  0.067  0.918   2.32  0.208      nan  *
lr1.5_nat        6  8.84e-06  5.63e-05  0.005  0.002  0.003  0.018  0.298  -3.56  0.090      nan  
lr1.5_nat        8  1.05e-06  1.12e-05  0.008  0.004  0.004  0.023  0.035   0.90  0.105      nan  
lr1.5_nat       12  3.42e-08  3.55e-07  0.011  0.001  0.001  0.006  0.017   0.88  0.062      nan  
lr1.5_nat       16  3.86e-09  4.19e-08  0.000  0.000  0.000  0.000  0.013   0.46  0.014      nan  
lr1.5_nat       24  1.17e-10  1.52e-09  0.000  0.000  0.000  0.000  0.001   0.41  0.014      nan  

lr1.5_rand       2  3.74e-01  2.39e+00  0.327  0.133  0.169  0.305  0.582  -0.42  0.420      nan  
lr1.5_rand       3  2.57e-01  1.58e+00  0.316  0.124  0.174  0.321  0.736  -0.38  0.412      nan  
lr1.5_rand       4  1.90e-01  1.25e+00  0.296  0.121  0.210  0.302  0.527  -0.38  0.397      nan  
lr1.5_rand       6  9.58e-02  8.25e-01  0.252  0.120  0.174  0.203  0.447  -0.57  0.355      nan  
lr1.5_rand       8  7.01e-02  5.78e-01  0.243  0.110  0.175  0.224  0.454  -0.51  0.371      nan  
lr1.5_rand      12  3.63e-02  3.45e-01  0.308  0.116  0.234  0.309  0.542  -0.42  0.409      nan  
lr1.5_rand      16  1.77e-02  1.87e-01  0.225  0.108  0.180  0.213  0.422  -0.52  0.375      nan  
lr1.5_rand      24  5.79e-03  7.48e-02  0.262  0.117  0.234  0.272  0.446  -0.47  0.400      nan  *
lr1.5_rand      32  1.80e-03  2.52e-02  0.152  0.109  0.160  0.179  0.382  -0.57  0.364      nan  *
lr1.5_rand      48  1.56e-04  2.59e-03  0.149  0.115  0.158  0.166  0.367  -0.67  0.343      nan  *
lr1.5_rand      64  6.56e-06  1.02e-04  0.058  0.066  0.070  0.073  0.490  -0.84  0.266      nan  
lr1.5_rand      96  1.31e-07  2.34e-06  0.196  0.045  0.077  0.196  0.699  -1.12  0.348      nan  
lr1.5_rand     128  3.24e-09  5.97e-08  0.446  0.002  0.198  0.649  0.981  -2.80  0.529      nan  

lr3.0_nat        2  4.84e-03  1.94e-02  0.279  0.519  0.917  0.956  0.994   1.13  0.833      nan  *
lr3.0_nat        3  2.92e-04  1.81e-03  0.221  0.885  0.923  0.990  0.995   1.00  0.884      nan  *
lr3.0_nat        4  5.58e-05  2.89e-04  0.228  0.133  0.138  0.625  0.979   0.06  0.554      nan  
lr3.0_nat        6  1.59e-06  8.62e-06  0.003  0.047  0.081  0.103  0.536  -0.17  0.250      nan  
lr3.0_nat        8  5.31e-08  3.50e-07  0.010  0.010  0.019  0.182  0.266   0.83  0.242      nan  
lr3.0_nat       12  1.31e-09  1.27e-08  0.009  0.008  0.009  0.129  0.303   1.49  0.166      nan  
lr3.0_nat       16  6.36e-11  7.11e-10  0.002  0.005  0.006  0.018  0.071   0.54  0.110      nan  

lr3.0_rand       2  4.06e-01  2.11e+00  0.339  0.160  0.256  0.371  0.656  -0.45  0.462      nan  
lr3.0_rand       3  2.94e-01  1.74e+00  0.310  0.149  0.217  0.280  0.657  -0.50  0.416      nan  
lr3.0_rand       4  2.24e-01  1.51e+00  0.290  0.141  0.221  0.264  0.527  -0.50  0.402      nan  
lr3.0_rand       6  1.39e-01  9.70e-01  0.306  0.133  0.240  0.307  0.614  -0.45  0.415      nan  
lr3.0_rand       8  8.92e-02  7.03e-01  0.256  0.128  0.207  0.240  0.473  -0.51  0.387      nan  
lr3.0_rand      12  4.48e-02  4.12e-01  0.289  0.125  0.236  0.287  0.541  -0.45  0.408      nan  
lr3.0_rand      16  2.24e-02  2.22e-01  0.223  0.116  0.201  0.230  0.440  -0.49  0.393      nan  
lr3.0_rand      24  6.98e-03  8.29e-02  0.215  0.117  0.207  0.232  0.456  -0.49  0.394      nan  *
lr3.0_rand      32  2.25e-03  2.89e-02  0.160  0.100  0.175  0.194  0.362  -0.49  0.387      nan  *
lr3.0_rand      48  1.50e-04  2.47e-03  0.125  0.103  0.181  0.192  0.350  -0.52  0.388      nan  *
lr3.0_rand      64  1.33e-06  1.99e-05  0.155  0.082  0.084  0.086  0.267  -0.76  0.290      nan  
lr3.0_rand      96  4.31e-09  7.45e-08  0.605  0.056  0.059  0.084  0.291  -0.69  0.289      nan  
lr3.0_rand     128  7.36e-11  1.28e-09  0.641  0.035  0.037  0.198  0.550  -0.39  0.296      nan  

ppp_site_nat     2  8.57e-01  1.68e+01  0.310  0.563  0.888  0.997  0.999   1.02  0.953  7.8e-29  
ppp_site_nat     3  6.12e-01  1.35e+01  0.220  0.582  0.804  0.987  0.995   1.02  0.909  1.7e+00  
ppp_site_nat     4  1.63e-01  1.49e+00  0.165  0.386  0.858  0.921  0.977   1.34  0.802  6.9e-03  
ppp_site_nat     6  3.89e-02  3.44e-01  0.121  0.083  0.600  0.665  0.939   3.82  0.589  4.1e-04  
ppp_site_nat     8  1.40e-02  1.68e-01  0.028  0.145  0.493  0.671  0.949   3.46  0.563  1.4e-14  
ppp_site_nat    12  2.64e-03  3.89e-02  0.011  0.045  0.394  0.411  0.517   1.32  0.448  1.6e-04  *
ppp_site_nat    16  2.89e-04  5.07e-03  0.002  0.010  0.041  0.087  0.183   2.23  0.199  1.2e-28  *
ppp_site_nat    24  5.98e-05  9.18e-04  0.001  0.000  0.024  0.025  0.177   4.70  0.085  1.4e-14  
ppp_site_nat    32  1.45e-05  2.82e-04  0.001  0.001  0.013  0.028  0.196   4.57  0.097  3.6e-06  
ppp_site_nat    48  3.03e-07  5.97e-06  0.000  0.000  0.003  0.007  0.027   3.09  0.062  1.0e-08  
ppp_site_nat    64  2.49e-08  5.16e-07  0.000  0.000  0.000  0.000  0.004   2.16  0.013  7.0e-28  
ppp_site_nat    96  6.56e-10  1.80e-08  0.000  0.000  0.000  0.000  0.004   4.03  0.012  2.9e-10  

ppp_site_fied    2  8.57e-01  1.68e+01  0.289  0.563  0.868  0.977  0.999   0.75  0.886  1.2e-28  
ppp_site_fied    3  6.06e-01  9.07e+00  0.249  0.922  0.949  0.969  0.989   0.94  0.816  4.8e-01  
ppp_site_fied    4  1.70e-01  1.55e+00  0.084  0.384  0.640  0.671  0.971  -0.65  0.636  7.7e-03  
ppp_site_fied    6  5.03e-02  4.69e-01  0.099  0.118  0.388  0.455  0.907  -1.09  0.504  6.7e-03  
ppp_site_fied    8  1.40e-02  1.68e-01  0.025  0.097  0.306  0.486  0.904   0.03  0.470  2.8e-14  
ppp_site_fied   12  2.64e-03  3.87e-02  0.009  0.051  0.272  0.297  0.520   0.29  0.362  9.0e-05  *
ppp_site_fied   16  2.89e-04  5.07e-03  0.002  0.010  0.041  0.079  0.149   1.52  0.186  7.1e-14  *
ppp_site_fied   24  5.98e-05  9.18e-04  0.001  0.000  0.024  0.025  0.118   4.49  0.084  1.4e-14  
ppp_site_fied   32  1.45e-05  2.83e-04  0.001  0.001  0.015  0.024  0.108   2.68  0.094  4.2e-06  
ppp_site_fied   48  3.03e-07  5.96e-06  0.000  0.000  0.003  0.007  0.023   3.12  0.061  5.5e-09  
ppp_site_fied   64  2.49e-08  5.16e-07  0.000  0.000  0.000  0.000  0.004   2.31  0.012  1.4e-14  
ppp_site_fied   96  6.56e-10  1.80e-08  0.000  0.000  0.000  0.000  0.004   4.20  0.012  3.3e-10  

ppp_site_rand    2  9.68e-01  1.68e+01  0.126  0.251  0.348  0.412  0.485  -0.64  0.364  3.0e-27  
ppp_site_rand    3  9.61e-01  1.71e+01  0.112  0.481  0.554  0.593  0.634  -0.61  0.478  2.0e-01  
ppp_site_rand    4  9.53e-01  1.68e+01  0.106  0.314  0.403  0.461  0.529  -0.59  0.372  4.1e-26  
ppp_site_rand    6  9.23e-01  1.68e+01  0.088  0.458  0.541  0.583  0.606  -0.59  0.402  4.3e-06  
ppp_site_rand    8  8.99e-01  1.69e+01  0.082  0.462  0.541  0.579  0.595  -0.58  0.411  4.5e-27  
ppp_site_rand   12  8.59e-01  1.60e+01  0.049  0.473  0.521  0.535  0.544  -0.63  0.449  7.9e-02  
ppp_site_rand   16  8.22e-01  1.41e+01  0.058  0.434  0.496  0.516  0.529  -0.57  0.378  1.4e-14  
ppp_site_rand   24  7.56e-01  1.33e+01  0.048  0.441  0.499  0.515  0.525  -0.52  0.392  1.5e-01  
ppp_site_rand   32  6.94e-01  1.13e+01  0.036  0.419  0.469  0.478  0.487  -0.59  0.366  1.7e-04  
ppp_site_rand   48  5.75e-01  9.62e+00  0.046  0.449  0.514  0.526  0.532  -0.56  0.419  4.3e-02  
ppp_site_rand   64  4.90e-01  8.05e+00  0.039  0.435  0.495  0.504  0.508  -0.53  0.419  3.0e-04  
ppp_site_rand   96  3.39e-01  5.37e+00  0.048  0.416  0.512  0.526  0.531  -0.41  0.426  8.1e-03  
ppp_site_rand  128  2.25e-01  3.92e+00  0.051  0.436  0.540  0.559  0.561  -0.41  0.464  2.8e-02  

ppp_mo_nat       2  1.36e-01  1.43e+00  0.108  0.841  0.859  0.884  0.945   1.24  0.528  2.2e-29  
ppp_mo_nat       3  1.27e-01  1.34e+00  0.096  0.836  0.853  0.879  0.945   1.23  0.521  2.5e-29  
ppp_mo_nat       4  1.08e-01  1.32e+00  0.083  0.832  0.849  0.875  0.942   1.06  0.516  1.8e-09  
ppp_mo_nat       6  8.95e-02  1.11e+00  0.071  0.837  0.852  0.878  0.940   1.06  0.514  6.2e-28  
ppp_mo_nat       8  6.03e-02  8.12e-01  0.053  0.829  0.843  0.867  0.935   1.06  0.496  9.7e-05  
ppp_mo_nat      12  2.01e-02  3.03e-01  0.046  0.867  0.880  0.905  0.941   1.25  0.517  5.9e-29  
ppp_mo_nat      16  1.41e-02  2.42e-01  0.032  0.869  0.882  0.904  0.939   1.04  0.511  1.9e-04  
ppp_mo_nat      24  7.49e-03  1.45e-01  0.018  0.881  0.894  0.916  0.946   0.69  0.515  6.7e-29  *
ppp_mo_nat      32  3.94e-03  8.64e-02  0.064  0.881  0.894  0.917  0.954   0.67  0.526  7.1e-29  *
ppp_mo_nat      48  1.34e-03  3.07e-02  0.036  0.878  0.890  0.912  0.944   0.77  0.509  1.4e-14  *
ppp_mo_nat      64  6.21e-04  1.62e-02  0.032  0.887  0.898  0.919  0.948   0.58  0.528  1.2e-28  *
ppp_mo_nat      96  1.29e-04  3.55e-03  0.010  0.842  0.853  0.874  0.904   0.52  0.419  1.7e-28  *
ppp_mo_nat     128  4.01e-05  1.19e-03  0.013  0.876  0.886  0.906  0.932   0.49  0.464  1.8e-07  

ppp_mo_fied      2  1.30e-01  1.41e+00  0.081  0.831  0.842  0.858  0.919  -1.09  0.505  2.0e-29  
ppp_mo_fied      3  1.24e-01  1.39e+00  0.088  0.837  0.847  0.864  0.920  -1.08  0.518  2.4e-05  
ppp_mo_fied      4  1.09e-01  1.26e+00  0.098  0.845  0.856  0.872  0.920  -1.03  0.525  6.5e-03  
ppp_mo_fied      6  8.22e-02  9.88e-01  0.088  0.850  0.860  0.877  0.921  -1.07  0.525  4.8e-03  
ppp_mo_fied      8  5.65e-02  7.27e-01  0.083  0.862  0.875  0.890  0.923  -1.33  0.532  2.7e-24  
ppp_mo_fied     12  3.42e-02  5.29e-01  0.069  0.868  0.881  0.897  0.923  -1.05  0.525  4.5e-06  
ppp_mo_fied     16  2.06e-02  3.42e-01  0.039  0.872  0.883  0.899  0.923  -0.92  0.507  2.1e-14  
ppp_mo_fied     24  6.71e-03  1.32e-01  0.041  0.886  0.894  0.908  0.931  -0.96  0.514  2.9e-05  *
ppp_mo_fied     32  3.19e-03  6.90e-02  0.044  0.894  0.902  0.914  0.937  -1.17  0.527  8.1e-06  *
ppp_mo_fied     48  1.45e-03  3.59e-02  0.039  0.896  0.903  0.916  0.936  -1.07  0.529  5.4e-06  *
ppp_mo_fied     64  9.00e-04  2.31e-02  0.042  0.897  0.904  0.916  0.938  -1.09  0.522  1.4e-14  *
ppp_mo_fied     96  2.87e-04  8.09e-03  0.034  0.898  0.906  0.917  0.938  -1.13  0.505  3.7e-24  *
ppp_mo_fied    128  5.78e-05  1.93e-03  0.015  0.884  0.891  0.903  0.922  -1.10  0.435  1.3e-05  

ppp_mo_rand      2  1.47e-01  1.50e+00  0.201  0.858  0.879  0.896  0.916  -0.62  0.576  3.3e-03  
ppp_mo_rand      3  1.15e-01  1.26e+00  0.184  0.864  0.884  0.901  0.920  -0.35  0.579  2.7e-29  
ppp_mo_rand      4  8.75e-02  1.12e+00  0.132  0.863  0.882  0.899  0.916  -0.21  0.558  2.2e-29  
ppp_mo_rand      6  6.90e-02  9.87e-01  0.120  0.862  0.881  0.898  0.914  -0.12  0.548  5.4e-04  
ppp_mo_rand      8  5.76e-02  7.96e-01  0.103  0.860  0.879  0.894  0.914  -0.14  0.540  6.1e-05  
ppp_mo_rand     12  3.11e-02  5.06e-01  0.068  0.867  0.885  0.901  0.915  -0.42  0.537  8.3e-09  
ppp_mo_rand     16  1.90e-02  3.26e-01  0.052  0.871  0.888  0.904  0.917  -0.61  0.539  3.5e-28  
ppp_mo_rand     24  5.35e-03  1.11e-01  0.071  0.895  0.908  0.922  0.933  -0.76  0.586  1.4e-14  *
ppp_mo_rand     32  2.94e-03  7.02e-02  0.062  0.902  0.914  0.928  0.938  -0.63  0.583  7.2e-06  *
ppp_mo_rand     48  1.04e-03  2.78e-02  0.053  0.904  0.915  0.928  0.937  -0.57  0.570  1.7e-28  *
ppp_mo_rand     64  4.97e-04  1.44e-02  0.052  0.908  0.920  0.931  0.939  -0.47  0.565  2.3e-27  *
ppp_mo_rand     96  5.54e-05  1.84e-03  0.033  0.918  0.928  0.938  0.945  -0.59  0.558  3.4e-28  
ppp_mo_rand    128  6.66e-16  7.46e-14  0.197  0.788  0.880  0.897  0.917   2.50  0.569  5.1e-28  

tfimh0.7         2  1.36e-02  4.99e-02  0.958  1.000  1.000  1.000  1.000   1.00  1.000      nan  
tfimh0.7         3  5.92e-03  2.74e-02  0.853  1.000  1.000  1.000  1.000   1.00  1.000      nan  *
tfimh0.7         4  1.28e-05  4.92e-05  0.766  1.000  1.000  1.000  1.000   1.00  1.000      nan  
tfimh0.7         6  2.84e-08  1.86e-07  0.811  1.000  1.000  1.000  1.000   1.00  1.000      nan  
tfimh0.7         8  6.93e-09  2.88e-08  0.150  1.000  1.000  1.000  1.000   1.00  1.000      nan  
tfimh0.7        12  1.48e-12  6.74e-12  0.003  1.000  1.000  1.000  1.000   1.00  1.000      nan  

tfimh1.5         2  4.73e-04  2.59e-03  0.342  1.000  1.000  1.000  1.000   1.00  1.000      nan  *
tfimh1.5         3  1.91e-05  1.98e-04  0.376  1.000  1.000  1.000  1.000   1.00  1.000      nan  
tfimh1.5         4  4.02e-07  2.27e-06  0.177  1.000  1.000  1.000  1.000   1.00  1.000      nan  
tfimh1.5         6  2.57e-10  1.65e-09  0.016  1.000  1.000  1.000  1.000   1.00  1.000      nan  

xxz0.5           2  3.79e-01  2.01e+00  0.605  1.000  1.000  1.000  1.000   1.00  1.000      nan  
xxz0.5           3  1.51e-01  1.02e+00  0.665  1.000  1.000  1.000  1.000   1.00  1.000      nan  
xxz0.5           4  1.59e-02  1.12e-01  0.222  1.000  1.000  1.000  1.000   1.00  1.000      nan  
xxz0.5           6  2.02e-03  1.70e-02  0.439  1.000  1.000  1.000  1.000   1.00  1.000      nan  *
xxz0.5           8  1.09e-04  9.44e-04  0.026  1.000  1.000  1.000  1.000   1.00  1.000      nan  *
xxz0.5          12  6.28e-06  6.42e-05  0.058  1.000  1.000  1.000  1.000   1.00  1.000      nan  
xxz0.5          16  4.94e-07  4.51e-06  0.002  1.000  1.000  1.000  1.000   1.00  1.000      nan  
xxz0.5          24  6.21e-09  8.00e-08  0.001  1.000  1.000  1.000  1.000   1.00  1.000      nan  
xxz0.5          32  1.44e-10  1.97e-09  0.000  1.000  1.000  1.000  1.000   1.00  1.000      nan  

Decision table (primary reading: f_loc^E = H-weighted squared share, span<=4)
  primary fE(4) squared-weighted                         all orderings           : n=26  min=0.067 (lr1.5_nat,chi=4)  max=0.931 (ppp_mo_rand,chi=64)  -> PROCEED (-> T1)
  primary fE(4) squared-weighted                         natural ordering only   : n=11  min=0.067 (lr1.5_nat,chi=4)  max=0.919 (ppp_mo_nat,chi=64)  -> PROCEED (-> T1)
  alt: signed energy share                               all orderings           : n=26  min=-1.173 (ppp_mo_fied,chi=32)  max=2.913 (lr0.5_nat,chi=4)  -> PROCEED (-> T1)
  alt: signed energy share                               natural ordering only   : n=11  min=0.463 (lr0.5_nat,chi=3)  max=2.913 (lr0.5_nat,chi=4)  -> PROCEED (-> T1)
  alt: absolute energy share                             all orderings           : n=26  min=0.208 (lr1.5_nat,chi=4)  max=0.728 (lr0.5_nat,chi=3)  -> PROCEED (-> T1)
  alt: absolute energy share                             natural ordering only   : n=11  min=0.208 (lr1.5_nat,chi=4)  max=0.728 (lr0.5_nat,chi=3)  -> PROCEED (-> T1)
  alt: fE(3) (spans actually targeted by ks=(1,2,3))     all orderings           : n=26  min=0.042 (lr1.5_nat,chi=4)  max=0.920 (ppp_mo_rand,chi=64)  -> PROCEED (-> T1)
  alt: fE(3) (spans actually targeted by ks=(1,2,3))     natural ordering only   : n=11  min=0.042 (lr1.5_nat,chi=4)  max=0.898 (ppp_mo_nat,chi=64)  -> PROCEED (-> T1)
  alt: unweighted f_loc(4)                               all orderings           : n=26  min=0.010 (ppp_mo_nat,chi=96)  max=0.706 (lr1.5_nat,chi=2)  -> PROCEED (-> T1)
  alt: unweighted f_loc(4)                               natural ordering only   : n=11  min=0.010 (ppp_mo_nat,chi=96)  max=0.706 (lr1.5_nat,chi=2)  -> PROCEED (-> T1)

Per-family ranges of the usable entries (min .. max over usable chi and orderings), by reading:
  MO-basis PPP                      all orderings  locE4: 0.87..0.93   locEa4: 0.42..0.59   locEs4: -1.17..0.77   loc4: 0.01..0.07
  MO-basis PPP                      natural        locE4: 0.87..0.92   locEa4: 0.42..0.53   locEs4: 0.52..0.77   loc4: 0.01..0.06
  long-range Ising alpha=0.5        all orderings  locE4: 0.12..0.91   locEa4: 0.28..0.73   locEs4: -0.60..2.91   loc4: 0.13..0.47
  long-range Ising alpha=0.5        natural        locE4: 0.70..0.91   locEa4: 0.60..0.73   locEs4: 0.46..2.91   loc4: 0.26..0.47
  long-range Ising alpha=1.5        all orderings  locE4: 0.07..0.88   locEa4: 0.21..0.72   locEs4: -0.67..2.32   loc4: 0.03..0.71
  long-range Ising alpha=1.5        natural        locE4: 0.07..0.88   locEa4: 0.21..0.72   locEs4: 0.90..2.32   loc4: 0.03..0.71
  site-basis PPP (extra)            all orderings  locE4: 0.08..0.41   locEa4: 0.19..0.45   locEs4: 0.29..2.23   loc4: 0.00..0.01
  site-basis PPP (extra)            natural        locE4: 0.09..0.41   locEa4: 0.20..0.45   locEs4: 1.32..2.23   loc4: 0.00..0.01
  long-range Ising alpha=3 (extra)  all orderings  locE4: 0.19..0.99   locEa4: 0.39..0.88   locEs4: -0.52..1.13   loc4: 0.13..0.28
  long-range Ising alpha=3 (extra)  natural        locE4: 0.96..0.99   locEa4: 0.83..0.88   locEs4: 1.00..1.13   loc4: 0.22..0.28

Ordering rescue (best ordering / natural ordering of f_loc^E(4) and f_loc(4), same basis, chi with infidelity in the window for both)
  ppp_site   fied  locE4 : chi=12: nat 0.411 -> fied 0.297 (x0.72)  chi=16: nat 0.087 -> fied 0.079 (x0.90)
  ppp_site   fied  loc4  : chi=12: nat 0.011 -> fied 0.009 (x0.77)  chi=16: nat 0.002 -> fied 0.002 (x1.00)
  ppp_mo     fied  locE4 : chi=24: nat 0.916 -> fied 0.908 (x0.99)  chi=32: nat 0.917 -> fied 0.914 (x1.00)  chi=48: nat 0.912 -> fied 0.916 (x1.00)  chi=64: nat 0.919 -> fied 0.916 (x1.00)  chi=96: nat 0.874 -> fied 0.917 (x1.05)
  ppp_mo     rand  locE4 : chi=24: nat 0.916 -> rand 0.922 (x1.01)  chi=32: nat 0.917 -> rand 0.928 (x1.01)  chi=48: nat 0.912 -> rand 0.928 (x1.02)  chi=64: nat 0.919 -> rand 0.931 (x1.01)
  ppp_mo     fied  loc4  : chi=24: nat 0.018 -> fied 0.041 (x2.25)  chi=32: nat 0.064 -> fied 0.044 (x0.68)  chi=48: nat 0.036 -> fied 0.039 (x1.11)  chi=64: nat 0.032 -> fied 0.042 (x1.30)  chi=96: nat 0.010 -> fied 0.034 (x3.54)
  ppp_mo     rand  loc4  : chi=24: nat 0.018 -> rand 0.071 (x3.90)  chi=32: nat 0.064 -> rand 0.062 (x0.96)  chi=48: nat 0.036 -> rand 0.053 (x1.49)  chi=64: nat 0.032 -> rand 0.052 (x1.62)
