exact bond dims at t0: 229
spcf fired 18 of 30 cuts, mean discarded weight at fired cuts 6.11e-04
tprop |  1-site dev: svd  spcf  ratio | nn dev: svd  spcf  ratio | E dev: svd  spcf | infid svd spcf
 0.0  | 3.43e-04 1.70e-03   4.95 | 1.10e-03 2.87e-03   2.60 | -2.1e-02 -9.4e-02 | 1.8e-02 2.9e-02
 0.1  | 8.59e-04 2.24e-03   2.60 | 2.56e-03 3.63e-03   1.42 | -2.1e-02 -9.4e-02 | 1.8e-02 2.9e-02
 0.2  | 3.44e-03 2.67e-03   0.78 | 4.65e-03 4.03e-03   0.87 | -2.1e-02 -9.4e-02 | 1.8e-02 2.9e-02
 0.3  | 7.28e-03 2.84e-03   0.39 | 4.74e-03 4.15e-03   0.87 | -2.1e-02 -9.4e-02 | 1.8e-02 2.9e-02
 0.4  | 9.82e-03 2.79e-03   0.28 | 2.97e-03 4.12e-03   1.39 | -2.1e-02 -9.4e-02 | 1.8e-02 2.9e-02
 0.5  | 9.24e-03 2.82e-03   0.31 | 3.79e-03 4.60e-03   1.21 | -2.1e-02 -9.4e-02 | 1.8e-02 2.9e-02
 0.6  | 5.92e-03 3.50e-03   0.59 | 5.58e-03 5.07e-03   0.91 | -2.1e-02 -9.4e-02 | 1.8e-02 2.9e-02
 0.7  | 2.11e-03 4.40e-03   2.09 | 5.53e-03 4.90e-03   0.89 | -2.1e-02 -9.4e-02 | 1.8e-02 2.9e-02
 0.8  | 1.72e-03 4.32e-03   2.51 | 4.39e-03 4.94e-03   1.13 | -2.1e-02 -9.4e-02 | 1.8e-02 2.9e-02
