exact bond dims at t0: 229
spcf fired 14 of 30 cuts, mean discarded weight at fired cuts 1.08e-04
tprop |  1-site dev: svd  spcf  ratio | nn dev: svd  spcf  ratio | E dev: svd  spcf | infid svd spcf
 0.0  | 4.16e-05 4.92e-04  11.83 | 2.07e-04 9.47e-04   4.57 | -3.7e-03 -3.9e-02 | 2.6e-03 3.6e-03
 0.1  | 9.40e-05 3.22e-04   3.43 | 6.76e-04 1.03e-03   1.52 | -3.7e-03 -3.9e-02 | 2.6e-03 3.6e-03
 0.2  | 3.87e-04 3.95e-04   1.02 | 1.18e-03 1.20e-03   1.02 | -3.7e-03 -3.9e-02 | 2.6e-03 3.6e-03
 0.3  | 7.48e-04 5.30e-04   0.71 | 1.30e-03 1.34e-03   1.04 | -3.7e-03 -3.9e-02 | 2.6e-03 3.6e-03
 0.4  | 8.54e-04 6.19e-04   0.72 | 1.13e-03 1.41e-03   1.24 | -3.7e-03 -3.8e-02 | 2.6e-03 3.6e-03
 0.5  | 6.60e-04 6.33e-04   0.96 | 1.13e-03 1.48e-03   1.31 | -3.7e-03 -3.8e-02 | 2.6e-03 3.6e-03
 0.6  | 6.27e-04 5.96e-04   0.95 | 1.20e-03 1.56e-03   1.29 | -3.7e-03 -3.8e-02 | 2.6e-03 3.6e-03
 0.7  | 8.53e-04 6.26e-04   0.73 | 1.12e-03 1.61e-03   1.43 | -3.7e-03 -3.8e-02 | 2.6e-03 3.6e-03
 0.8  | 8.94e-04 7.69e-04   0.86 | 1.08e-03 1.64e-03   1.52 | -3.7e-03 -3.8e-02 | 2.6e-03 3.6e-03
