exact bond dims at t0: 229
spcf fired 18 of 30 cuts, mean discarded weight at fired cuts 5.97e-04
tprop |  1-site dev: svd  spcf  ratio | nn dev: svd  spcf  ratio | E dev: svd  spcf | infid svd spcf
 0.0  | 3.43e-04 1.11e-03   3.23 | 1.10e-03 4.10e-03   3.71 | -2.1e-02 -2.6e-01 | 1.8e-02 2.6e-02
 0.1  | 8.59e-04 1.21e-03   1.41 | 2.56e-03 4.79e-03   1.88 | -2.1e-02 -2.6e-01 | 1.8e-02 2.6e-02
 0.2  | 3.44e-03 1.05e-03   0.30 | 4.65e-03 5.48e-03   1.18 | -2.1e-02 -2.6e-01 | 1.8e-02 2.6e-02
 0.3  | 7.28e-03 1.75e-03   0.24 | 4.74e-03 5.70e-03   1.20 | -2.1e-02 -2.6e-01 | 1.8e-02 2.6e-02
 0.4  | 9.82e-03 3.60e-03   0.37 | 2.97e-03 5.38e-03   1.81 | -2.1e-02 -2.6e-01 | 1.8e-02 2.6e-02
 0.5  | 9.24e-03 5.02e-03   0.54 | 3.79e-03 5.17e-03   1.36 | -2.1e-02 -2.6e-01 | 1.8e-02 2.6e-02
 0.6  | 5.92e-03 5.31e-03   0.90 | 5.58e-03 5.52e-03   0.99 | -2.1e-02 -2.6e-01 | 1.8e-02 2.6e-02
 0.7  | 2.11e-03 4.31e-03   2.04 | 5.53e-03 5.97e-03   1.08 | -2.1e-02 -2.6e-01 | 1.8e-02 2.6e-02
 0.8  | 1.72e-03 2.46e-03   1.43 | 4.39e-03 6.24e-03   1.42 | -2.1e-02 -2.6e-01 | 1.8e-02 2.6e-02
