exact bond dims at t0: 229
spcf fired 14 of 30 cuts, mean discarded weight at fired cuts 1.07e-04
tprop |  1-site dev: svd  spcf  ratio | nn dev: svd  spcf  ratio | E dev: svd  spcf | infid svd spcf
 0.0  | 4.16e-05 2.91e-04   6.98 | 2.07e-04 1.16e-03   5.61 | -3.7e-03 -8.4e-02 | 2.6e-03 3.6e-03
 0.1  | 9.40e-05 1.78e-04   1.89 | 6.76e-04 1.19e-03   1.75 | -3.7e-03 -8.4e-02 | 2.6e-03 3.6e-03
 0.2  | 3.87e-04 1.92e-04   0.50 | 1.18e-03 1.27e-03   1.07 | -3.7e-03 -8.4e-02 | 2.6e-03 3.6e-03
 0.3  | 7.48e-04 3.18e-04   0.43 | 1.30e-03 1.41e-03   1.09 | -3.7e-03 -8.4e-02 | 2.6e-03 3.6e-03
 0.4  | 8.54e-04 5.74e-04   0.67 | 1.13e-03 1.52e-03   1.34 | -3.7e-03 -8.4e-02 | 2.6e-03 3.6e-03
 0.5  | 6.60e-04 8.19e-04   1.24 | 1.13e-03 1.59e-03   1.40 | -3.7e-03 -8.3e-02 | 2.6e-03 3.6e-03
 0.6  | 6.27e-04 8.80e-04   1.40 | 1.20e-03 1.72e-03   1.43 | -3.7e-03 -8.3e-02 | 2.6e-03 3.6e-03
 0.7  | 8.53e-04 7.67e-04   0.90 | 1.12e-03 1.88e-03   1.67 | -3.7e-03 -8.3e-02 | 2.6e-03 3.6e-03
 0.8  | 8.94e-04 7.04e-04   0.79 | 1.08e-03 1.96e-03   1.82 | -3.7e-03 -8.3e-02 | 2.6e-03 3.6e-03
