exact bond dims at t0: 229
spcf fired 18 of 30 cuts, mean discarded weight at fired cuts 6.23e-04
tprop |  1-site dev: svd  spcf  ratio | nn dev: svd  spcf  ratio | E dev: svd  spcf | infid svd spcf
 0.0  | 3.43e-04 7.29e-04   2.12 | 1.10e-03 2.71e-03   2.45 | -2.1e-02 -1.9e-02 | 1.8e-02 2.1e-02
 0.1  | 8.59e-04 1.40e-03   1.63 | 2.56e-03 2.83e-03   1.11 | -2.1e-02 -1.9e-02 | 1.8e-02 2.1e-02
 0.2  | 3.44e-03 1.50e-03   0.44 | 4.65e-03 4.29e-03   0.92 | -2.1e-02 -1.9e-02 | 1.8e-02 2.1e-02
 0.3  | 7.28e-03 4.34e-03   0.60 | 4.74e-03 4.56e-03   0.96 | -2.1e-02 -1.9e-02 | 1.8e-02 2.1e-02
 0.4  | 9.82e-03 6.90e-03   0.70 | 2.97e-03 3.06e-03   1.03 | -2.1e-02 -1.9e-02 | 1.8e-02 2.1e-02
 0.5  | 9.24e-03 7.19e-03   0.78 | 3.79e-03 2.88e-03   0.76 | -2.1e-02 -1.9e-02 | 1.8e-02 2.1e-02
 0.6  | 5.92e-03 5.32e-03   0.90 | 5.58e-03 4.10e-03   0.74 | -2.1e-02 -1.9e-02 | 1.8e-02 2.1e-02
 0.7  | 2.11e-03 2.87e-03   1.36 | 5.53e-03 4.26e-03   0.77 | -2.1e-02 -1.9e-02 | 1.8e-02 2.1e-02
 0.8  | 1.72e-03 1.90e-03   1.10 | 4.39e-03 3.52e-03   0.80 | -2.1e-02 -1.9e-02 | 1.8e-02 2.1e-02
