exact bond dims at t0: 229
spcf fired 14 of 30 cuts, mean discarded weight at fired cuts 1.09e-04
tprop |  1-site dev: svd  spcf  ratio | nn dev: svd  spcf  ratio | E dev: svd  spcf | infid svd spcf
 0.0  | 4.16e-05 1.80e-04   4.33 | 2.07e-04 4.57e-04   2.21 | -3.7e-03 -1.5e-02 | 2.6e-03 2.9e-03
 0.1  | 9.40e-05 1.82e-04   1.94 | 6.76e-04 6.92e-04   1.02 | -3.7e-03 -1.5e-02 | 2.6e-03 2.9e-03
 0.2  | 3.87e-04 2.95e-04   0.76 | 1.18e-03 1.05e-03   0.89 | -3.7e-03 -1.5e-02 | 2.6e-03 2.9e-03
 0.3  | 7.48e-04 4.06e-04   0.54 | 1.30e-03 1.19e-03   0.92 | -3.7e-03 -1.5e-02 | 2.6e-03 2.9e-03
 0.4  | 8.54e-04 5.39e-04   0.63 | 1.13e-03 1.05e-03   0.93 | -3.7e-03 -1.5e-02 | 2.6e-03 2.9e-03
 0.5  | 6.60e-04 5.82e-04   0.88 | 1.13e-03 8.94e-04   0.79 | -3.7e-03 -1.5e-02 | 2.6e-03 2.9e-03
 0.6  | 6.27e-04 4.53e-04   0.72 | 1.20e-03 1.01e-03   0.84 | -3.7e-03 -1.5e-02 | 2.6e-03 2.9e-03
 0.7  | 8.53e-04 4.36e-04   0.51 | 1.12e-03 1.06e-03   0.95 | -3.7e-03 -1.5e-02 | 2.6e-03 2.9e-03
 0.8  | 8.94e-04 6.34e-04   0.71 | 1.08e-03 9.75e-04   0.91 | -3.7e-03 -1.5e-02 | 2.6e-03 2.9e-03
