exact bond dims at t0: 229
spcf fired 14 of 30 cuts, mean discarded weight at fired cuts 1.08e-04
tprop |  1-site dev: svd  spcf  ratio | nn dev: svd  spcf  ratio | E dev: svd  spcf | infid svd spcf
 0.0  | 4.16e-05 2.11e-04   5.06 | 2.07e-04 6.87e-04   3.32 | -3.7e-03 -4.4e-02 | 2.6e-03 2.8e-03
 0.1  | 9.40e-05 1.99e-04   2.11 | 6.76e-04 8.60e-04   1.27 | -3.7e-03 -4.4e-02 | 2.6e-03 2.8e-03
 0.2  | 3.87e-04 4.83e-04   1.25 | 1.18e-03 1.24e-03   1.05 | -3.7e-03 -4.4e-02 | 2.6e-03 2.8e-03
 0.3  | 7.48e-04 9.23e-04   1.23 | 1.30e-03 1.34e-03   1.03 | -3.7e-03 -4.4e-02 | 2.6e-03 2.8e-03
 0.4  | 8.54e-04 1.02e-03   1.19 | 1.13e-03 1.26e-03   1.11 | -3.7e-03 -4.4e-02 | 2.6e-03 2.8e-03
 0.5  | 6.60e-04 7.16e-04   1.08 | 1.13e-03 1.37e-03   1.21 | -3.7e-03 -4.4e-02 | 2.6e-03 2.8e-03
 0.6  | 6.27e-04 5.82e-04   0.93 | 1.20e-03 1.46e-03   1.22 | -3.7e-03 -4.4e-02 | 2.6e-03 2.8e-03
 0.7  | 8.53e-04 7.90e-04   0.93 | 1.12e-03 1.41e-03   1.26 | -3.7e-03 -4.4e-02 | 2.6e-03 2.8e-03
 0.8  | 8.94e-04 8.06e-04   0.90 | 1.08e-03 1.41e-03   1.31 | -3.7e-03 -4.4e-02 | 2.6e-03 2.8e-03
