exact bond dims at t0: 229
spcf fired 18 of 30 cuts, mean discarded weight at fired cuts 6.09e-04
tprop |  1-site dev: svd  spcf  ratio | nn dev: svd  spcf  ratio | E dev: svd  spcf | infid svd spcf
 0.0  | 3.43e-04 8.69e-04   2.53 | 1.10e-03 2.60e-03   2.35 | -2.1e-02 -1.3e-01 | 1.8e-02 2.2e-02
 0.1  | 8.59e-04 1.04e-03   1.22 | 2.56e-03 3.70e-03   1.45 | -2.1e-02 -1.3e-01 | 1.8e-02 2.2e-02
 0.2  | 3.44e-03 2.95e-03   0.86 | 4.65e-03 5.11e-03   1.10 | -2.1e-02 -1.3e-01 | 1.8e-02 2.2e-02
 0.3  | 7.28e-03 6.22e-03   0.85 | 4.74e-03 5.40e-03   1.14 | -2.1e-02 -1.3e-01 | 1.8e-02 2.2e-02
 0.4  | 9.82e-03 8.80e-03   0.90 | 2.97e-03 4.27e-03   1.44 | -2.1e-02 -1.3e-01 | 1.8e-02 2.2e-02
 0.5  | 9.24e-03 8.82e-03   0.95 | 3.79e-03 4.66e-03   1.23 | -2.1e-02 -1.3e-01 | 1.8e-02 2.2e-02
 0.6  | 5.92e-03 6.21e-03   1.05 | 5.58e-03 6.32e-03   1.13 | -2.1e-02 -1.3e-01 | 1.8e-02 2.2e-02
 0.7  | 2.11e-03 2.68e-03   1.27 | 5.53e-03 6.68e-03   1.21 | -2.1e-02 -1.3e-01 | 1.8e-02 2.2e-02
 0.8  | 1.72e-03 1.71e-03   0.99 | 4.39e-03 5.81e-03   1.32 | -2.1e-02 -1.3e-01 | 1.8e-02 2.2e-02
