exact bond dims at t0: 229
spcf fired 18 of 30 cuts, mean discarded weight at fired cuts 6.03e-04
tprop |  1-site dev: svd  spcf  ratio | nn dev: svd  spcf  ratio | E dev: svd  spcf | infid svd spcf
 0.0  | 3.43e-04 5.44e-04   1.58 | 1.10e-03 2.80e-03   2.53 | -2.1e-02 -1.9e-01 | 1.8e-02 2.0e-02
 0.1  | 8.59e-04 9.80e-04   1.14 | 2.56e-03 4.19e-03   1.64 | -2.1e-02 -1.9e-01 | 1.8e-02 2.0e-02
 0.2  | 3.44e-03 4.29e-03   1.25 | 4.65e-03 6.08e-03   1.31 | -2.1e-02 -1.9e-01 | 1.8e-02 2.0e-02
 0.3  | 7.28e-03 8.61e-03   1.18 | 4.74e-03 5.85e-03   1.23 | -2.1e-02 -1.9e-01 | 1.8e-02 2.0e-02
 0.4  | 9.82e-03 1.11e-02   1.13 | 2.97e-03 4.10e-03   1.38 | -2.1e-02 -1.9e-01 | 1.8e-02 2.0e-02
 0.5  | 9.24e-03 1.00e-02   1.08 | 3.79e-03 5.31e-03   1.40 | -2.1e-02 -1.9e-01 | 1.8e-02 2.0e-02
 0.6  | 5.92e-03 5.97e-03   1.01 | 5.58e-03 7.21e-03   1.29 | -2.1e-02 -1.9e-01 | 1.8e-02 2.0e-02
 0.7  | 2.11e-03 1.62e-03   0.77 | 5.53e-03 7.17e-03   1.30 | -2.1e-02 -1.9e-01 | 1.8e-02 2.0e-02
 0.8  | 1.72e-03 2.58e-03   1.49 | 4.39e-03 6.07e-03   1.38 | -2.1e-02 -1.9e-01 | 1.8e-02 2.0e-02
