exact bond dims at t0: 229
spcf fired 14 of 30 cuts, mean discarded weight at fired cuts 1.11e-04
tprop |  1-site dev: svd  spcf  ratio | nn dev: svd  spcf  ratio | E dev: svd  spcf | infid svd spcf
 0.0  | 4.16e-05 1.85e-04   4.45 | 2.07e-04 5.95e-04   2.87 | -3.7e-03 +3.4e-03 | 2.6e-03 2.8e-03
 0.1  | 9.40e-05 5.91e-04   6.28 | 6.76e-04 8.53e-04   1.26 | -3.7e-03 +3.4e-03 | 2.6e-03 2.8e-03
 0.2  | 3.87e-04 7.51e-04   1.94 | 1.18e-03 1.23e-03   1.04 | -3.7e-03 +3.4e-03 | 2.6e-03 2.8e-03
 0.3  | 7.48e-04 6.56e-04   0.88 | 1.30e-03 1.39e-03   1.08 | -3.7e-03 +3.4e-03 | 2.6e-03 2.8e-03
 0.4  | 8.54e-04 6.08e-04   0.71 | 1.13e-03 1.25e-03   1.11 | -3.7e-03 +3.4e-03 | 2.6e-03 2.8e-03
 0.5  | 6.60e-04 7.60e-04   1.15 | 1.13e-03 1.03e-03   0.91 | -3.7e-03 +3.4e-03 | 2.6e-03 2.8e-03
 0.6  | 6.27e-04 8.81e-04   1.41 | 1.20e-03 9.59e-04   0.80 | -3.7e-03 +3.4e-03 | 2.6e-03 2.8e-03
 0.7  | 8.53e-04 8.39e-04   0.98 | 1.12e-03 9.89e-04   0.88 | -3.7e-03 +3.4e-03 | 2.6e-03 2.8e-03
 0.8  | 8.94e-04 6.84e-04   0.77 | 1.08e-03 1.04e-03   0.96 | -3.7e-03 +3.4e-03 | 2.6e-03 2.8e-03
