exact bond dims at t0: 229
spcf fired 14 of 30 cuts, mean discarded weight at fired cuts 1.09e-04
tprop |  1-site dev: svd  spcf  ratio | nn dev: svd  spcf  ratio | E dev: svd  spcf | infid svd spcf
 0.0  | 4.16e-05 1.56e-04   3.74 | 2.07e-04 7.48e-04   3.61 | -3.7e-03 -4.3e-02 | 2.6e-03 3.2e-03
 0.1  | 9.40e-05 2.42e-04   2.58 | 6.76e-04 8.95e-04   1.32 | -3.7e-03 -4.3e-02 | 2.6e-03 3.2e-03
 0.2  | 3.87e-04 2.04e-04   0.53 | 1.18e-03 1.33e-03   1.13 | -3.7e-03 -4.3e-02 | 2.6e-03 3.2e-03
 0.3  | 7.48e-04 6.61e-04   0.88 | 1.30e-03 1.49e-03   1.15 | -3.7e-03 -4.3e-02 | 2.6e-03 3.2e-03
 0.4  | 8.54e-04 1.01e-03   1.18 | 1.13e-03 1.27e-03   1.13 | -3.7e-03 -4.3e-02 | 2.6e-03 3.2e-03
 0.5  | 6.60e-04 8.91e-04   1.35 | 1.13e-03 1.26e-03   1.11 | -3.7e-03 -4.3e-02 | 2.6e-03 3.2e-03
 0.6  | 6.27e-04 5.56e-04   0.89 | 1.20e-03 1.42e-03   1.18 | -3.7e-03 -4.3e-02 | 2.6e-03 3.2e-03
 0.7  | 8.53e-04 6.71e-04   0.79 | 1.12e-03 1.37e-03   1.22 | -3.7e-03 -4.3e-02 | 2.6e-03 3.2e-03
 0.8  | 8.94e-04 8.36e-04   0.93 | 1.08e-03 1.33e-03   1.23 | -3.7e-03 -4.3e-02 | 2.6e-03 3.2e-03
