exact bond dims at t0: 229
spcf fired 18 of 30 cuts, mean discarded weight at fired cuts 5.97e-04
tprop |  1-site dev: svd  spcf  ratio | nn dev: svd  spcf  ratio | E dev: svd  spcf | infid svd spcf
 0.0  | 3.43e-04 8.69e-04   2.53 | 1.10e-03 3.74e-03   3.39 | -2.1e-02 -2.6e-01 | 1.8e-02 2.2e-02
 0.1  | 8.59e-04 7.95e-04   0.93 | 2.56e-03 4.52e-03   1.77 | -2.1e-02 -2.6e-01 | 1.8e-02 2.2e-02
 0.2  | 3.44e-03 2.70e-03   0.78 | 4.65e-03 5.84e-03   1.26 | -2.1e-02 -2.6e-01 | 1.8e-02 2.2e-02
 0.3  | 7.28e-03 6.08e-03   0.84 | 4.74e-03 6.02e-03   1.27 | -2.1e-02 -2.6e-01 | 1.8e-02 2.2e-02
 0.4  | 9.82e-03 8.59e-03   0.87 | 2.97e-03 4.90e-03   1.65 | -2.1e-02 -2.6e-01 | 1.8e-02 2.2e-02
 0.5  | 9.24e-03 8.52e-03   0.92 | 3.79e-03 5.16e-03   1.36 | -2.1e-02 -2.6e-01 | 1.8e-02 2.2e-02
 0.6  | 5.92e-03 5.95e-03   1.01 | 5.58e-03 6.61e-03   1.18 | -2.1e-02 -2.6e-01 | 1.8e-02 2.2e-02
 0.7  | 2.11e-03 2.55e-03   1.21 | 5.53e-03 7.04e-03   1.27 | -2.1e-02 -2.6e-01 | 1.8e-02 2.2e-02
 0.8  | 1.72e-03 1.66e-03   0.96 | 4.39e-03 6.51e-03   1.48 | -2.1e-02 -2.6e-01 | 1.8e-02 2.2e-02
