exact bond dims at t0: 229
spcf fired 18 of 30 cuts, mean discarded weight at fired cuts 6.11e-04
tprop |  1-site dev: svd  spcf  ratio | nn dev: svd  spcf  ratio | E dev: svd  spcf | infid svd spcf
 0.0  | 3.43e-04 9.01e-04   2.62 | 1.10e-03 2.32e-03   2.10 | -2.1e-02 -2.6e-02 | 1.8e-02 2.1e-02
 0.1  | 8.59e-04 1.60e-03   1.87 | 2.56e-03 3.11e-03   1.22 | -2.1e-02 -2.6e-02 | 1.8e-02 2.1e-02
 0.2  | 3.44e-03 3.39e-03   0.99 | 4.65e-03 4.02e-03   0.87 | -2.1e-02 -2.6e-02 | 1.8e-02 2.1e-02
 0.3  | 7.28e-03 5.85e-03   0.80 | 4.74e-03 3.93e-03   0.83 | -2.1e-02 -2.6e-02 | 1.8e-02 2.1e-02
 0.4  | 9.82e-03 7.37e-03   0.75 | 2.97e-03 2.98e-03   1.00 | -2.1e-02 -2.6e-02 | 1.8e-02 2.1e-02
 0.5  | 9.24e-03 6.88e-03   0.75 | 3.79e-03 3.51e-03   0.92 | -2.1e-02 -2.6e-02 | 1.8e-02 2.1e-02
 0.6  | 5.92e-03 4.79e-03   0.81 | 5.58e-03 4.53e-03   0.81 | -2.1e-02 -2.6e-02 | 1.8e-02 2.1e-02
 0.7  | 2.11e-03 2.46e-03   1.17 | 5.53e-03 4.70e-03   0.85 | -2.1e-02 -2.6e-02 | 1.8e-02 2.1e-02
 0.8  | 1.72e-03 1.44e-03   0.83 | 4.39e-03 4.31e-03   0.98 | -2.1e-02 -2.6e-02 | 1.8e-02 2.1e-02
