exact bond dims at t0: 229
spcf fired 14 of 30 cuts, mean discarded weight at fired cuts 1.07e-04
tprop |  1-site dev: svd  spcf  ratio | nn dev: svd  spcf  ratio | E dev: svd  spcf | infid svd spcf
 0.0  | 4.16e-05 2.88e-04   6.93 | 2.07e-04 9.47e-04   4.58 | -3.7e-03 -6.4e-02 | 2.6e-03 3.0e-03
 0.1  | 9.40e-05 2.23e-04   2.37 | 6.76e-04 1.02e-03   1.51 | -3.7e-03 -6.4e-02 | 2.6e-03 3.0e-03
 0.2  | 3.87e-04 2.79e-04   0.72 | 1.18e-03 1.26e-03   1.07 | -3.7e-03 -6.4e-02 | 2.6e-03 3.0e-03
 0.3  | 7.48e-04 6.15e-04   0.82 | 1.30e-03 1.38e-03   1.06 | -3.7e-03 -6.4e-02 | 2.6e-03 3.0e-03
 0.4  | 8.54e-04 7.19e-04   0.84 | 1.13e-03 1.37e-03   1.21 | -3.7e-03 -6.4e-02 | 2.6e-03 3.0e-03
 0.5  | 6.60e-04 5.80e-04   0.88 | 1.13e-03 1.45e-03   1.28 | -3.7e-03 -6.4e-02 | 2.6e-03 3.0e-03
 0.6  | 6.27e-04 6.32e-04   1.01 | 1.20e-03 1.55e-03   1.29 | -3.7e-03 -6.4e-02 | 2.6e-03 3.0e-03
 0.7  | 8.53e-04 7.76e-04   0.91 | 1.12e-03 1.60e-03   1.43 | -3.7e-03 -6.4e-02 | 2.6e-03 3.0e-03
 0.8  | 8.94e-04 7.26e-04   0.81 | 1.08e-03 1.67e-03   1.55 | -3.7e-03 -6.4e-02 | 2.6e-03 3.0e-03
