exact bond dims at t0: 229
spcf fired 18 of 30 cuts, mean discarded weight at fired cuts 6.56e-03
tprop |  1-site dev: svd  spcf  ratio | nn dev: svd  spcf  ratio | E dev: svd  spcf | infid svd spcf
 0.0  | 3.23e-03 8.61e-03   2.66 | 1.17e-02 1.39e-02   1.19 | -2.0e-01 -7.1e-01 | 1.6e-01 2.2e-01
 0.1  | 4.28e-03 7.11e-03   1.66 | 1.90e-02 1.56e-02   0.82 | -2.0e-01 -7.1e-01 | 1.6e-01 2.2e-01
 0.2  | 9.79e-03 5.95e-03   0.61 | 1.82e-02 1.73e-02   0.95 | -2.0e-01 -7.1e-01 | 1.6e-01 2.2e-01
 0.3  | 1.29e-02 5.88e-03   0.46 | 1.49e-02 1.82e-02   1.22 | -2.0e-01 -7.1e-01 | 1.6e-01 2.2e-01
 0.4  | 1.10e-02 6.08e-03   0.55 | 1.63e-02 1.98e-02   1.21 | -2.0e-01 -7.1e-01 | 1.6e-01 2.2e-01
 0.5  | 9.05e-03 6.06e-03   0.67 | 1.74e-02 2.09e-02   1.20 | -2.0e-01 -7.1e-01 | 1.6e-01 2.2e-01
 0.6  | 1.27e-02 6.46e-03   0.51 | 1.53e-02 2.09e-02   1.36 | -2.0e-01 -7.2e-01 | 1.6e-01 2.2e-01
 0.7  | 1.52e-02 6.63e-03   0.44 | 1.36e-02 2.09e-02   1.54 | -2.0e-01 -7.2e-01 | 1.6e-01 2.2e-01
 0.8  | 1.23e-02 6.26e-03   0.51 | 1.53e-02 2.14e-02   1.40 | -2.0e-01 -7.2e-01 | 1.6e-01 2.2e-01
 0.9  | 5.53e-03 6.80e-03   1.23 | 1.71e-02 2.20e-02   1.29 | -2.0e-01 -7.2e-01 | 1.6e-01 2.2e-01
 1.0  | 4.78e-03 8.13e-03   1.70 | 1.62e-02 2.23e-02   1.38 | -2.0e-01 -7.2e-01 | 1.6e-01 2.2e-01
 1.1  | 8.54e-03 8.82e-03   1.03 | 1.43e-02 2.23e-02   1.55 | -2.0e-01 -7.2e-01 | 1.6e-01 2.2e-01
 1.2  | 7.93e-03 8.37e-03   1.06 | 1.42e-02 2.20e-02   1.55 | -2.0e-01 -7.2e-01 | 1.6e-01 2.2e-01
