exact bond dims at t0: 229
spcf fired 14 of 30 cuts, mean discarded weight at fired cuts 3.65e-06
tprop |  1-site dev: svd  spcf  ratio | nn dev: svd  spcf  ratio | E dev: svd  spcf | infid svd spcf
 0.0  | 4.31e-06 3.81e-05   8.84 | 2.97e-05 4.51e-05   1.52 | -1.6e-04 -5.8e-04 | 9.7e-05 1.1e-04
 0.1  | 6.10e-05 5.59e-05   0.92 | 1.12e-04 8.81e-05   0.79 | -1.6e-04 -5.8e-04 | 9.7e-05 1.1e-04
 0.2  | 1.82e-04 1.30e-04   0.71 | 1.85e-04 1.37e-04   0.74 | -1.6e-04 -5.8e-04 | 9.7e-05 1.1e-04
 0.3  | 3.21e-04 2.26e-04   0.70 | 1.67e-04 1.37e-04   0.82 | -1.6e-04 -5.8e-04 | 9.7e-05 1.1e-04
 0.4  | 3.94e-04 2.80e-04   0.71 | 1.06e-04 1.41e-04   1.33 | -1.6e-04 -5.8e-04 | 9.7e-05 1.1e-04
 0.5  | 3.53e-04 2.64e-04   0.75 | 1.88e-04 2.00e-04   1.07 | -1.6e-04 -5.8e-04 | 9.7e-05 1.1e-04
 0.6  | 2.36e-04 2.09e-04   0.89 | 2.31e-04 2.20e-04   0.95 | -1.6e-04 -5.8e-04 | 9.7e-05 1.1e-04
 0.7  | 1.43e-04 1.75e-04   1.22 | 1.96e-04 1.97e-04   1.00 | -1.6e-04 -5.8e-04 | 9.7e-05 1.1e-04
 0.8  | 1.33e-04 1.83e-04   1.38 | 1.61e-04 1.68e-04   1.04 | -1.6e-04 -5.8e-04 | 9.7e-05 1.1e-04
 0.9  | 1.76e-04 2.13e-04   1.21 | 1.65e-04 1.41e-04   0.85 | -1.5e-04 -5.8e-04 | 9.7e-05 1.1e-04
 1.0  | 2.40e-04 2.34e-04   0.98 | 2.06e-04 1.73e-04   0.84 | -1.5e-04 -5.8e-04 | 9.7e-05 1.1e-04
 1.1  | 3.04e-04 2.49e-04   0.82 | 2.39e-04 2.11e-04   0.88 | -1.5e-04 -5.8e-04 | 9.7e-05 1.1e-04
 1.2  | 3.66e-04 2.78e-04   0.76 | 2.20e-04 1.97e-04   0.90 | -1.5e-04 -5.8e-04 | 9.7e-05 1.1e-04
