exact bond dims at t0: 229
spcf fired 18 of 30 cuts, mean discarded weight at fired cuts 6.13e-04
tprop |  1-site dev: svd  spcf  ratio | nn dev: svd  spcf  ratio | E dev: svd  spcf | infid svd spcf
 0.0  | 3.43e-04 8.96e-04   2.61 | 1.10e-03 1.93e-03   1.75 | -2.1e-02 -4.4e-02 | 1.8e-02 2.2e-02
 0.1  | 8.59e-04 7.86e-04   0.92 | 2.56e-03 3.20e-03   1.25 | -2.1e-02 -4.4e-02 | 1.8e-02 2.2e-02
 0.2  | 3.44e-03 2.52e-03   0.73 | 4.65e-03 4.60e-03   0.99 | -2.1e-02 -4.4e-02 | 1.8e-02 2.2e-02
 0.3  | 7.28e-03 5.40e-03   0.74 | 4.74e-03 4.32e-03   0.91 | -2.1e-02 -4.4e-02 | 1.8e-02 2.2e-02
 0.4  | 9.82e-03 7.01e-03   0.71 | 2.97e-03 2.90e-03   0.98 | -2.1e-02 -4.4e-02 | 1.8e-02 2.2e-02
 0.5  | 9.24e-03 6.29e-03   0.68 | 3.79e-03 3.59e-03   0.95 | -2.1e-02 -4.4e-02 | 1.8e-02 2.2e-02
 0.6  | 5.92e-03 3.97e-03   0.67 | 5.58e-03 4.57e-03   0.82 | -2.1e-02 -4.4e-02 | 1.8e-02 2.2e-02
 0.7  | 2.11e-03 1.77e-03   0.84 | 5.53e-03 4.55e-03   0.82 | -2.1e-02 -4.4e-02 | 1.8e-02 2.2e-02
 0.8  | 1.72e-03 1.46e-03   0.85 | 4.39e-03 4.10e-03   0.93 | -2.1e-02 -4.4e-02 | 1.8e-02 2.2e-02
 0.9  | 2.31e-03 1.94e-03   0.84 | 3.71e-03 3.70e-03   1.00 | -2.1e-02 -4.4e-02 | 1.8e-02 2.2e-02
 1.0  | 1.67e-03 1.93e-03   1.16 | 3.81e-03 3.48e-03   0.91 | -2.1e-02 -4.4e-02 | 1.8e-02 2.2e-02
 1.1  | 1.95e-03 1.42e-03   0.73 | 4.00e-03 3.52e-03   0.88 | -2.1e-02 -4.4e-02 | 1.8e-02 2.2e-02
 1.2  | 3.67e-03 1.12e-03   0.31 | 3.97e-03 3.81e-03   0.96 | -2.1e-02 -4.4e-02 | 1.8e-02 2.2e-02
