exact bond dims at t0: 229
spcf fired 18 of 30 cuts, mean discarded weight at fired cuts 2.86e-03
tprop |  1-site dev: svd  spcf  ratio | nn dev: svd  spcf  ratio | E dev: svd  spcf | infid svd spcf
 0.0  | 1.59e-03 3.22e-03   2.03 | 4.70e-03 7.78e-03   1.66 | -1.5e-01 -3.3e-01 | 7.9e-02 1.0e-01
 0.1  | 1.46e-03 2.78e-03   1.90 | 7.48e-03 9.46e-03   1.26 | -1.5e-01 -3.3e-01 | 7.9e-02 1.0e-01
 0.2  | 2.76e-03 5.89e-03   2.13 | 8.68e-03 1.01e-02   1.16 | -1.5e-01 -3.3e-01 | 7.9e-02 1.0e-01
 0.3  | 4.71e-03 8.11e-03   1.72 | 7.92e-03 9.27e-03   1.17 | -1.5e-01 -3.3e-01 | 7.9e-02 1.0e-01
 0.4  | 5.49e-03 7.99e-03   1.45 | 7.64e-03 9.10e-03   1.19 | -1.5e-01 -3.3e-01 | 7.9e-02 1.0e-01
 0.5  | 4.39e-03 6.77e-03   1.54 | 8.94e-03 9.72e-03   1.09 | -1.5e-01 -3.3e-01 | 7.9e-02 1.0e-01
 0.6  | 5.12e-03 6.64e-03   1.30 | 9.64e-03 1.00e-02   1.04 | -1.5e-01 -3.3e-01 | 7.9e-02 1.0e-01
 0.7  | 8.23e-03 6.79e-03   0.83 | 8.66e-03 1.03e-02   1.19 | -1.5e-01 -3.3e-01 | 7.9e-02 1.0e-01
 0.8  | 8.44e-03 5.67e-03   0.67 | 8.42e-03 1.06e-02   1.26 | -1.5e-01 -3.3e-01 | 7.9e-02 1.0e-01
 0.9  | 5.09e-03 3.83e-03   0.75 | 9.73e-03 1.10e-02   1.13 | -1.5e-01 -3.3e-01 | 7.9e-02 1.0e-01
 1.0  | 3.39e-03 3.27e-03   0.97 | 9.30e-03 1.14e-02   1.22 | -1.5e-01 -3.3e-01 | 7.9e-02 1.0e-01
 1.1  | 4.61e-03 3.31e-03   0.72 | 8.17e-03 1.16e-02   1.42 | -1.5e-01 -3.3e-01 | 7.9e-02 1.0e-01
 1.2  | 3.79e-03 3.22e-03   0.85 | 8.76e-03 1.19e-02   1.35 | -1.5e-01 -3.3e-01 | 7.9e-02 1.0e-01
