exact bond dims at t0: 189
spcf fired 14 of 30 cuts, mean discarded weight at fired cuts 4.50e-05
tprop |  1-site dev: svd  spcf  ratio | nn dev: svd  spcf  ratio | E dev: svd  spcf | infid svd spcf
 0.0  | 1.56e-04 1.39e-04   0.89 | 5.96e-04 1.91e-04   0.32 | -5.1e-03 -4.6e-03 | 7.9e-04 8.2e-04
 0.1  | 2.97e-04 1.44e-04   0.49 | 7.06e-04 1.97e-04   0.28 | -5.0e-03 -4.6e-03 | 7.9e-04 8.2e-04
 0.2  | 4.74e-04 1.62e-04   0.34 | 7.47e-04 1.84e-04   0.25 | -5.0e-03 -4.6e-03 | 7.9e-04 8.2e-04
 0.3  | 6.38e-04 1.81e-04   0.28 | 7.31e-04 1.66e-04   0.23 | -5.0e-03 -4.6e-03 | 7.9e-04 8.2e-04
 0.4  | 7.53e-04 1.93e-04   0.26 | 6.98e-04 1.57e-04   0.22 | -5.0e-03 -4.6e-03 | 7.9e-04 8.2e-04
 0.5  | 8.03e-04 1.98e-04   0.25 | 6.87e-04 1.64e-04   0.24 | -5.0e-03 -4.6e-03 | 7.9e-04 8.2e-04
 0.6  | 7.98e-04 2.01e-04   0.25 | 7.07e-04 1.78e-04   0.25 | -5.0e-03 -4.6e-03 | 7.9e-04 8.2e-04
 0.7  | 7.58e-04 2.04e-04   0.27 | 7.34e-04 1.84e-04   0.25 | -5.0e-03 -4.6e-03 | 7.9e-04 8.2e-04
 0.8  | 7.08e-04 2.05e-04   0.29 | 7.39e-04 1.82e-04   0.25 | -5.0e-03 -4.6e-03 | 7.9e-04 8.2e-04
 0.9  | 6.77e-04 2.00e-04   0.30 | 7.11e-04 1.79e-04   0.25 | -5.0e-03 -4.6e-03 | 7.9e-04 8.2e-04
 1.0  | 6.84e-04 1.95e-04   0.29 | 6.52e-04 1.83e-04   0.28 | -5.0e-03 -4.6e-03 | 7.9e-04 8.2e-04
 1.1  | 7.17e-04 1.97e-04   0.27 | 5.77e-04 1.87e-04   0.32 | -5.0e-03 -4.6e-03 | 7.9e-04 8.2e-04
 1.2  | 7.42e-04 2.08e-04   0.28 | 5.06e-04 1.88e-04   0.37 | -5.0e-03 -4.6e-03 | 7.9e-04 8.2e-04
