exact bond dims at t0: 189
spcf fired 0 of 30 cuts, mean discarded weight at fired cuts 0.00e+00
tprop |  1-site dev: svd  spcf  ratio | nn dev: svd  spcf  ratio | E dev: svd  spcf | infid svd spcf
 0.0  | 1.38e-07 1.38e-07   1.00 | 2.36e-06 2.36e-06   1.00 | -3.1e-06 -3.1e-06 | 5.1e-07 5.1e-07
 0.1  | 6.39e-07 6.39e-07   1.00 | 4.89e-06 4.89e-06   1.00 | -3.2e-06 -3.2e-06 | 5.1e-07 5.1e-07
 0.2  | 1.75e-06 1.75e-06   1.00 | 7.77e-06 7.77e-06   1.00 | -3.2e-06 -3.2e-06 | 5.1e-07 5.1e-07
 0.3  | 3.48e-06 3.48e-06   1.00 | 1.02e-05 1.02e-05   1.00 | -3.1e-06 -3.1e-06 | 5.1e-07 5.1e-07
 0.4  | 5.61e-06 5.61e-06   1.00 | 1.16e-05 1.16e-05   1.00 | -3.0e-06 -3.0e-06 | 5.1e-07 5.1e-07
 0.5  | 7.75e-06 7.75e-06   1.00 | 1.18e-05 1.18e-05   1.00 | -2.8e-06 -2.8e-06 | 5.1e-07 5.1e-07
 0.6  | 9.40e-06 9.40e-06   1.00 | 1.10e-05 1.10e-05   1.00 | -2.6e-06 -2.6e-06 | 5.1e-07 5.1e-07
 0.7  | 1.02e-05 1.02e-05   1.00 | 1.01e-05 1.01e-05   1.00 | -2.5e-06 -2.5e-06 | 5.1e-07 5.1e-07
 0.8  | 1.01e-05 1.01e-05   1.00 | 9.85e-06 9.85e-06   1.00 | -2.5e-06 -2.5e-06 | 5.1e-07 5.1e-07
 0.9  | 9.29e-06 9.29e-06   1.00 | 1.03e-05 1.03e-05   1.00 | -2.7e-06 -2.7e-06 | 5.1e-07 5.1e-07
 1.0  | 8.35e-06 8.35e-06   1.00 | 1.11e-05 1.11e-05   1.00 | -2.8e-06 -2.8e-06 | 5.1e-07 5.1e-07
 1.1  | 7.77e-06 7.77e-06   1.00 | 1.19e-05 1.19e-05   1.00 | -3.0e-06 -3.0e-06 | 5.1e-07 5.1e-07
 1.2  | 7.69e-06 7.69e-06   1.00 | 1.22e-05 1.22e-05   1.00 | -3.1e-06 -3.1e-06 | 5.1e-07 5.1e-07
