exact bond dims at t0: 189
spcf fired 12 of 30 cuts, mean discarded weight at fired cuts 9.76e-07
tprop |  1-site dev: svd  spcf  ratio | nn dev: svd  spcf  ratio | E dev: svd  spcf | infid svd spcf
 0.0  | 3.32e-06 7.18e-06   2.16 | 1.54e-05 9.41e-06   0.61 | -1.3e-04 -1.4e-04 | 1.7e-05 1.7e-05
 0.1  | 6.76e-06 6.93e-06   1.03 | 2.85e-05 1.05e-05   0.37 | -1.3e-04 -1.4e-04 | 1.7e-05 1.7e-05
 0.2  | 1.42e-05 6.87e-06   0.48 | 4.33e-05 1.21e-05   0.28 | -1.3e-04 -1.4e-04 | 1.7e-05 1.7e-05
 0.3  | 2.58e-05 8.08e-06   0.31 | 5.62e-05 1.35e-05   0.24 | -1.3e-04 -1.4e-04 | 1.7e-05 1.7e-05
 0.4  | 4.06e-05 1.05e-05   0.26 | 6.40e-05 1.40e-05   0.22 | -1.3e-04 -1.4e-04 | 1.7e-05 1.7e-05
 0.5  | 5.56e-05 1.30e-05   0.23 | 6.53e-05 1.35e-05   0.21 | -1.3e-04 -1.4e-04 | 1.7e-05 1.7e-05
 0.6  | 6.75e-05 1.44e-05   0.21 | 6.19e-05 1.31e-05   0.21 | -1.3e-04 -1.4e-04 | 1.7e-05 1.7e-05
 0.7  | 7.27e-05 1.42e-05   0.20 | 5.87e-05 1.38e-05   0.24 | -1.3e-04 -1.4e-04 | 1.7e-05 1.7e-05
 0.8  | 6.96e-05 1.30e-05   0.19 | 5.96e-05 1.54e-05   0.26 | -1.3e-04 -1.4e-04 | 1.7e-05 1.7e-05
 0.9  | 5.97e-05 1.20e-05   0.20 | 6.36e-05 1.69e-05   0.27 | -1.3e-04 -1.4e-04 | 1.7e-05 1.7e-05
 1.0  | 4.97e-05 1.31e-05   0.26 | 6.61e-05 1.79e-05   0.27 | -1.3e-04 -1.4e-04 | 1.7e-05 1.7e-05
 1.1  | 5.00e-05 1.65e-05   0.33 | 6.36e-05 1.85e-05   0.29 | -1.3e-04 -1.4e-04 | 1.7e-05 1.7e-05
 1.2  | 6.03e-05 2.09e-05   0.35 | 5.62e-05 1.89e-05   0.34 | -1.3e-04 -1.4e-04 | 1.7e-05 1.7e-05
