exact bond dims at t0: 189
spcf fired 10 of 30 cuts, mean discarded weight at fired cuts 2.31e-03
tprop |  1-site dev: svd  spcf  ratio | nn dev: svd  spcf  ratio | E dev: svd  spcf | infid svd spcf
 0.0  | 4.48e-03 3.67e-03   0.82 | 7.22e-03 4.55e-03   0.63 | -1.5e-01 -1.5e-01 | 2.6e-02 2.9e-02
 0.1  | 5.89e-03 4.15e-03   0.71 | 6.81e-03 4.29e-03   0.63 | -1.5e-01 -1.5e-01 | 2.6e-02 2.9e-02
 0.2  | 7.04e-03 4.58e-03   0.65 | 6.19e-03 4.09e-03   0.66 | -1.5e-01 -1.5e-01 | 2.6e-02 2.9e-02
 0.3  | 7.60e-03 4.84e-03   0.64 | 5.76e-03 4.01e-03   0.70 | -1.5e-01 -1.5e-01 | 2.6e-02 2.9e-02
 0.4  | 7.48e-03 4.90e-03   0.65 | 5.74e-03 4.01e-03   0.70 | -1.5e-01 -1.5e-01 | 2.6e-02 2.9e-02
 0.5  | 6.86e-03 4.80e-03   0.70 | 5.96e-03 4.00e-03   0.67 | -1.5e-01 -1.5e-01 | 2.6e-02 2.9e-02
 0.6  | 6.11e-03 4.62e-03   0.76 | 6.08e-03 3.92e-03   0.65 | -1.5e-01 -1.5e-01 | 2.6e-02 2.9e-02
 0.7  | 5.64e-03 4.42e-03   0.78 | 5.93e-03 3.78e-03   0.64 | -1.5e-01 -1.5e-01 | 2.6e-02 2.9e-02
 0.8  | 5.61e-03 4.18e-03   0.75 | 5.50e-03 3.65e-03   0.66 | -1.5e-01 -1.5e-01 | 2.6e-02 2.9e-02
 0.9  | 5.72e-03 3.91e-03   0.68 | 4.96e-03 3.59e-03   0.72 | -1.5e-01 -1.5e-01 | 2.6e-02 2.9e-02
 1.0  | 5.66e-03 3.65e-03   0.65 | 4.54e-03 3.61e-03   0.79 | -1.5e-01 -1.5e-01 | 2.6e-02 2.9e-02
 1.1  | 5.31e-03 3.52e-03   0.66 | 4.39e-03 3.69e-03   0.84 | -1.5e-01 -1.5e-01 | 2.6e-02 2.9e-02
 1.2  | 4.76e-03 3.56e-03   0.75 | 4.40e-03 3.80e-03   0.86 | -1.5e-01 -1.5e-01 | 2.6e-02 2.9e-02
