exact bond dims at t0: 229
spcf fired 14 of 30 cuts, mean discarded weight at fired cuts 1.10e-04
tprop |  1-site dev: svd  spcf  ratio | nn dev: svd  spcf  ratio | E dev: svd  spcf | infid svd spcf
 0.0  | 4.16e-05 2.65e-04   6.37 | 2.07e-04 6.36e-04   3.07 | -3.7e-03 -7.1e-03 | 2.6e-03 2.9e-03
 0.1  | 9.40e-05 5.54e-04   5.89 | 6.76e-04 9.21e-04   1.36 | -3.7e-03 -7.1e-03 | 2.6e-03 2.9e-03
 0.2  | 3.87e-04 8.72e-04   2.25 | 1.18e-03 1.25e-03   1.06 | -3.7e-03 -7.2e-03 | 2.6e-03 2.9e-03
 0.3  | 7.48e-04 8.78e-04   1.17 | 1.30e-03 1.40e-03   1.08 | -3.7e-03 -7.2e-03 | 2.6e-03 2.9e-03
 0.4  | 8.54e-04 7.04e-04   0.82 | 1.13e-03 1.28e-03   1.13 | -3.7e-03 -7.2e-03 | 2.6e-03 2.9e-03
 0.5  | 6.60e-04 6.48e-04   0.98 | 1.13e-03 1.11e-03   0.98 | -3.7e-03 -7.2e-03 | 2.6e-03 2.9e-03
 0.6  | 6.27e-04 7.69e-04   1.23 | 1.20e-03 1.10e-03   0.91 | -3.7e-03 -7.2e-03 | 2.6e-03 2.9e-03
 0.7  | 8.53e-04 8.48e-04   0.99 | 1.12e-03 1.09e-03   0.97 | -3.7e-03 -7.1e-03 | 2.6e-03 2.9e-03
 0.8  | 8.94e-04 7.78e-04   0.87 | 1.08e-03 1.10e-03   1.02 | -3.7e-03 -7.1e-03 | 2.6e-03 2.9e-03
