exact bond dims at t0: 229
spcf fired 18 of 30 cuts, mean discarded weight at fired cuts 6.21e-04
tprop |  1-site dev: svd  spcf  ratio | nn dev: svd  spcf  ratio | E dev: svd  spcf | infid svd spcf
 0.0  | 3.43e-04 1.08e-03   3.14 | 1.10e-03 2.31e-03   2.09 | -2.1e-02 +2.5e-02 | 1.8e-02 2.1e-02
 0.1  | 8.59e-04 1.58e-03   1.84 | 2.56e-03 2.46e-03   0.96 | -2.1e-02 +2.5e-02 | 1.8e-02 2.1e-02
 0.2  | 3.44e-03 1.75e-03   0.51 | 4.65e-03 4.08e-03   0.88 | -2.1e-02 +2.5e-02 | 1.8e-02 2.1e-02
 0.3  | 7.28e-03 4.40e-03   0.60 | 4.74e-03 4.44e-03   0.94 | -2.1e-02 +2.5e-02 | 1.8e-02 2.1e-02
 0.4  | 9.82e-03 6.78e-03   0.69 | 2.97e-03 3.08e-03   1.04 | -2.1e-02 +2.5e-02 | 1.8e-02 2.1e-02
 0.5  | 9.24e-03 6.95e-03   0.75 | 3.79e-03 3.10e-03   0.82 | -2.1e-02 +2.5e-02 | 1.8e-02 2.1e-02
 0.6  | 5.92e-03 5.05e-03   0.85 | 5.58e-03 4.21e-03   0.75 | -2.1e-02 +2.5e-02 | 1.8e-02 2.1e-02
 0.7  | 2.11e-03 2.55e-03   1.21 | 5.53e-03 4.33e-03   0.78 | -2.1e-02 +2.5e-02 | 1.8e-02 2.1e-02
 0.8  | 1.72e-03 1.40e-03   0.81 | 4.39e-03 3.72e-03   0.85 | -2.1e-02 +2.5e-02 | 1.8e-02 2.1e-02
