exact bond dims at t0: 229
spcf fired 18 of 30 cuts, mean discarded weight at fired cuts 6.23e-04
tprop |  1-site dev: svd  spcf  ratio | nn dev: svd  spcf  ratio | E dev: svd  spcf | infid svd spcf
 0.0  | 3.43e-04 6.07e-04   1.77 | 1.10e-03 2.53e-03   2.29 | -2.1e-02 -2.0e-02 | 1.8e-02 2.0e-02
 0.1  | 8.59e-04 1.14e-03   1.32 | 2.56e-03 2.75e-03   1.08 | -2.1e-02 -2.0e-02 | 1.8e-02 2.0e-02
 0.2  | 3.44e-03 1.51e-03   0.44 | 4.65e-03 4.24e-03   0.91 | -2.1e-02 -2.0e-02 | 1.8e-02 2.0e-02
 0.3  | 7.28e-03 4.49e-03   0.62 | 4.74e-03 4.45e-03   0.94 | -2.1e-02 -2.0e-02 | 1.8e-02 2.0e-02
 0.4  | 9.82e-03 6.97e-03   0.71 | 2.97e-03 2.94e-03   0.99 | -2.1e-02 -2.0e-02 | 1.8e-02 2.0e-02
 0.5  | 9.24e-03 7.15e-03   0.77 | 3.79e-03 2.89e-03   0.76 | -2.1e-02 -2.0e-02 | 1.8e-02 2.0e-02
 0.6  | 5.92e-03 5.21e-03   0.88 | 5.58e-03 4.12e-03   0.74 | -2.1e-02 -2.0e-02 | 1.8e-02 2.0e-02
 0.7  | 2.11e-03 2.74e-03   1.30 | 5.53e-03 4.24e-03   0.77 | -2.1e-02 -2.0e-02 | 1.8e-02 2.0e-02
 0.8  | 1.72e-03 1.79e-03   1.04 | 4.39e-03 3.52e-03   0.80 | -2.1e-02 -2.0e-02 | 1.8e-02 2.0e-02
