exact bond dims at t0: 229
spcf fired 14 of 30 cuts, mean discarded weight at fired cuts 1.09e-04
tprop |  1-site dev: svd  spcf  ratio | nn dev: svd  spcf  ratio | E dev: svd  spcf | infid svd spcf
 0.0  | 4.16e-05 3.62e-04   8.71 | 2.07e-04 6.39e-04   3.09 | -3.7e-03 -1.1e-02 | 2.6e-03 3.1e-03
 0.1  | 9.40e-05 3.05e-04   3.25 | 6.76e-04 9.23e-04   1.37 | -3.7e-03 -1.1e-02 | 2.6e-03 3.1e-03
 0.2  | 3.87e-04 4.69e-04   1.21 | 1.18e-03 1.24e-03   1.05 | -3.7e-03 -1.1e-02 | 2.6e-03 3.1e-03
 0.3  | 7.48e-04 5.33e-04   0.71 | 1.30e-03 1.31e-03   1.01 | -3.7e-03 -1.1e-02 | 2.6e-03 3.1e-03
 0.4  | 8.54e-04 5.51e-04   0.65 | 1.13e-03 1.15e-03   1.02 | -3.7e-03 -1.1e-02 | 2.6e-03 3.1e-03
 0.5  | 6.60e-04 6.15e-04   0.93 | 1.13e-03 1.09e-03   0.96 | -3.7e-03 -1.1e-02 | 2.6e-03 3.1e-03
 0.6  | 6.27e-04 7.31e-04   1.17 | 1.20e-03 1.19e-03   0.98 | -3.7e-03 -1.1e-02 | 2.6e-03 3.1e-03
 0.7  | 8.53e-04 7.90e-04   0.93 | 1.12e-03 1.22e-03   1.09 | -3.7e-03 -1.1e-02 | 2.6e-03 3.1e-03
 0.8  | 8.94e-04 7.20e-04   0.81 | 1.08e-03 1.23e-03   1.14 | -3.7e-03 -1.1e-02 | 2.6e-03 3.1e-03
