exact bond dims at t0: 229
spcf fired 14 of 30 cuts, mean discarded weight at fired cuts 1.10e-04
tprop |  1-site dev: svd  spcf  ratio | nn dev: svd  spcf  ratio | E dev: svd  spcf | infid svd spcf
 0.0  | 4.16e-05 2.68e-04   6.45 | 2.07e-04 6.45e-04   3.12 | -3.7e-03 -5.1e-03 | 2.6e-03 2.9e-03
 0.1  | 9.40e-05 6.00e-04   6.38 | 6.76e-04 9.16e-04   1.35 | -3.7e-03 -5.1e-03 | 2.6e-03 2.9e-03
 0.2  | 3.87e-04 9.35e-04   2.41 | 1.18e-03 1.25e-03   1.05 | -3.7e-03 -5.1e-03 | 2.6e-03 2.9e-03
 0.3  | 7.48e-04 9.41e-04   1.26 | 1.30e-03 1.42e-03   1.09 | -3.7e-03 -5.1e-03 | 2.6e-03 2.9e-03
 0.4  | 8.54e-04 7.43e-04   0.87 | 1.13e-03 1.32e-03   1.16 | -3.7e-03 -5.1e-03 | 2.6e-03 2.9e-03
 0.5  | 6.60e-04 6.61e-04   1.00 | 1.13e-03 1.13e-03   1.00 | -3.7e-03 -5.1e-03 | 2.6e-03 2.9e-03
 0.6  | 6.27e-04 7.85e-04   1.25 | 1.20e-03 1.09e-03   0.90 | -3.7e-03 -5.1e-03 | 2.6e-03 2.9e-03
 0.7  | 8.53e-04 8.70e-04   1.02 | 1.12e-03 1.07e-03   0.95 | -3.7e-03 -5.1e-03 | 2.6e-03 2.9e-03
 0.8  | 8.94e-04 7.94e-04   0.89 | 1.08e-03 1.08e-03   1.00 | -3.7e-03 -5.1e-03 | 2.6e-03 2.9e-03
