exact bond dims at t0: 229
spcf fired 18 of 30 cuts, mean discarded weight at fired cuts 6.20e-04
tprop |  1-site dev: svd  spcf  ratio | nn dev: svd  spcf  ratio | E dev: svd  spcf | infid svd spcf
 0.0  | 3.43e-04 1.00e-03   2.91 | 1.10e-03 2.08e-03   1.88 | -2.1e-02 +1.5e-02 | 1.8e-02 2.1e-02
 0.1  | 8.59e-04 1.37e-03   1.59 | 2.56e-03 2.49e-03   0.97 | -2.1e-02 +1.5e-02 | 1.8e-02 2.1e-02
 0.2  | 3.44e-03 1.85e-03   0.54 | 4.65e-03 4.12e-03   0.89 | -2.1e-02 +1.5e-02 | 1.8e-02 2.1e-02
 0.3  | 7.28e-03 4.64e-03   0.64 | 4.74e-03 4.33e-03   0.91 | -2.1e-02 +1.5e-02 | 1.8e-02 2.1e-02
 0.4  | 9.82e-03 6.88e-03   0.70 | 2.97e-03 2.88e-03   0.97 | -2.1e-02 +1.5e-02 | 1.8e-02 2.1e-02
 0.5  | 9.24e-03 6.86e-03   0.74 | 3.79e-03 3.10e-03   0.82 | -2.1e-02 +1.5e-02 | 1.8e-02 2.1e-02
 0.6  | 5.92e-03 4.85e-03   0.82 | 5.58e-03 4.22e-03   0.76 | -2.1e-02 +1.5e-02 | 1.8e-02 2.1e-02
 0.7  | 2.11e-03 2.38e-03   1.13 | 5.53e-03 4.30e-03   0.78 | -2.1e-02 +1.6e-02 | 1.8e-02 2.1e-02
 0.8  | 1.72e-03 1.40e-03   0.81 | 4.39e-03 3.70e-03   0.84 | -2.1e-02 +1.5e-02 | 1.8e-02 2.1e-02
