exact bond dims at t0: 229
spcf fired 14 of 30 cuts, mean discarded weight at fired cuts 1.10e-04
tprop |  1-site dev: svd  spcf  ratio | nn dev: svd  spcf  ratio | E dev: svd  spcf | infid svd spcf
 0.0  | 4.16e-05 1.85e-04   4.45 | 2.07e-04 5.90e-04   2.85 | -3.7e-03 +2.9e-03 | 2.6e-03 2.7e-03
 0.1  | 9.40e-05 5.92e-04   6.30 | 6.76e-04 8.50e-04   1.26 | -3.7e-03 +2.9e-03 | 2.6e-03 2.7e-03
 0.2  | 3.87e-04 7.56e-04   1.95 | 1.18e-03 1.23e-03   1.04 | -3.7e-03 +2.9e-03 | 2.6e-03 2.7e-03
 0.3  | 7.48e-04 6.61e-04   0.88 | 1.30e-03 1.39e-03   1.08 | -3.7e-03 +2.9e-03 | 2.6e-03 2.7e-03
 0.4  | 8.54e-04 6.03e-04   0.71 | 1.13e-03 1.25e-03   1.10 | -3.7e-03 +2.9e-03 | 2.6e-03 2.7e-03
 0.5  | 6.60e-04 7.44e-04   1.13 | 1.13e-03 1.02e-03   0.90 | -3.7e-03 +2.9e-03 | 2.6e-03 2.7e-03
 0.6  | 6.27e-04 8.62e-04   1.38 | 1.20e-03 9.61e-04   0.80 | -3.7e-03 +2.9e-03 | 2.6e-03 2.7e-03
 0.7  | 8.53e-04 8.26e-04   0.97 | 1.12e-03 9.92e-04   0.88 | -3.7e-03 +2.9e-03 | 2.6e-03 2.7e-03
 0.8  | 8.94e-04 6.81e-04   0.76 | 1.08e-03 1.04e-03   0.96 | -3.7e-03 +2.9e-03 | 2.6e-03 2.7e-03
