exact bond dims at t0: 189
spcf fired 16 of 30 cuts, mean discarded weight at fired cuts 2.70e-04
tprop |  1-site dev: svd  spcf  ratio | nn dev: svd  spcf  ratio | E dev: svd  spcf | infid svd spcf
 0.0  | 9.82e-04 8.09e-04   0.82 | 2.44e-03 1.58e-03   0.65 | -3.6e-02 -3.1e-02 | 5.0e-03 5.3e-03
 0.1  | 1.56e-03 1.11e-03   0.71 | 2.66e-03 1.65e-03   0.62 | -3.6e-02 -3.1e-02 | 5.0e-03 5.3e-03
 0.2  | 2.22e-03 1.44e-03   0.65 | 2.63e-03 1.62e-03   0.62 | -3.6e-02 -3.1e-02 | 5.0e-03 5.3e-03
 0.3  | 2.75e-03 1.68e-03   0.61 | 2.40e-03 1.52e-03   0.63 | -3.6e-02 -3.1e-02 | 5.0e-03 5.3e-03
 0.4  | 2.98e-03 1.77e-03   0.59 | 2.18e-03 1.42e-03   0.65 | -3.6e-02 -3.1e-02 | 5.0e-03 5.3e-03
 0.5  | 2.86e-03 1.69e-03   0.59 | 2.14e-03 1.39e-03   0.65 | -3.6e-02 -3.1e-02 | 5.0e-03 5.3e-03
 0.6  | 2.53e-03 1.52e-03   0.60 | 2.27e-03 1.43e-03   0.63 | -3.6e-02 -3.1e-02 | 5.0e-03 5.3e-03
 0.7  | 2.27e-03 1.33e-03   0.58 | 2.39e-03 1.50e-03   0.63 | -3.6e-02 -3.1e-02 | 5.0e-03 5.3e-03
 0.8  | 2.32e-03 1.18e-03   0.51 | 2.40e-03 1.54e-03   0.64 | -3.6e-02 -3.1e-02 | 5.0e-03 5.3e-03
