exact bond dims at t0: 189
spcf fired 16 of 30 cuts, mean discarded weight at fired cuts 2.67e-04
tprop |  1-site dev: svd  spcf  ratio | nn dev: svd  spcf  ratio | E dev: svd  spcf | infid svd spcf
 0.0  | 9.82e-04 8.43e-04   0.86 | 2.44e-03 8.90e-04   0.36 | -3.6e-02 -3.0e-02 | 5.0e-03 5.5e-03
 0.1  | 1.56e-03 9.37e-04   0.60 | 2.66e-03 9.35e-04   0.35 | -3.6e-02 -2.9e-02 | 5.0e-03 5.5e-03
 0.2  | 2.22e-03 1.02e-03   0.46 | 2.63e-03 9.57e-04   0.36 | -3.6e-02 -2.9e-02 | 5.0e-03 5.5e-03
 0.3  | 2.75e-03 1.06e-03   0.38 | 2.40e-03 9.43e-04   0.39 | -3.6e-02 -2.9e-02 | 5.0e-03 5.5e-03
 0.4  | 2.98e-03 1.04e-03   0.35 | 2.18e-03 9.06e-04   0.42 | -3.6e-02 -2.9e-02 | 5.0e-03 5.5e-03
 0.5  | 2.86e-03 9.88e-04   0.35 | 2.14e-03 8.70e-04   0.41 | -3.6e-02 -3.0e-02 | 5.0e-03 5.5e-03
 0.6  | 2.53e-03 9.38e-04   0.37 | 2.27e-03 8.52e-04   0.38 | -3.6e-02 -3.0e-02 | 5.0e-03 5.5e-03
 0.7  | 2.27e-03 9.21e-04   0.41 | 2.39e-03 8.54e-04   0.36 | -3.6e-02 -3.0e-02 | 5.0e-03 5.5e-03
 0.8  | 2.32e-03 9.48e-04   0.41 | 2.40e-03 8.67e-04   0.36 | -3.6e-02 -3.0e-02 | 5.0e-03 5.5e-03
